
######################################
#    FORCE FIELD PARAMETERS FOR MST  #
######################################
   FFTYPE shell
   FFVER  1.5
   NNUM      1         EL 
   NTYPE      0 
   NOPT      1 POLARIZABLE 
   NPAR      6         Xo         Jo         Qc        Rcs        Fcs         Qd 
########################################################
# E P    Xo      Jo       Qc       Rcs     Fcs      Qd #
########################################################
 H 1  4.52800 12.98410 0.000000  0.65756 1.000000 0.000000
He 1  9.66000 29.84000 0.000000  2.30412 1.000000 0.000000
Li 1  3.00600  4.77200 0.000000  2.75963 1.000000 0.000000
Be 1  4.87700  8.88600 0.000000  2.19778 1.000000 0.000000
 B 1  5.11000  9.50000 0.000000  1.45691 1.000000 0.000000
 C 1  5.34300 10.12600 0.000000  1.34525 1.000000 0.000000
 N 1  6.89900 11.76000 0.000000  1.26727 1.000000 0.000000
 O 1  8.74100 13.36400 0.000000  1.18574 1.000000 0.000000
 F 1 10.87400 14.94800 0.000000  1.25131 1.000000 0.000000
Ne 1 11.04000 21.10000 0.000000  3.13360 1.000000 0.000000
Na 1  2.84300  4.59200 0.000000  3.69545 1.000000 0.000000
Mg 1  3.95100  7.38600 0.000000  2.65860 1.000000 0.000000
Al 1  4.06000  7.18000 0.000000  2.12865 1.000000 0.000000
Si 1  4.16800  6.97400 0.000000  2.08434 1.000000 0.000000
 P 1  5.46300  8.00000 0.000000  1.95318 1.000000 0.000000
 S 1  6.92800  8.97200 0.000000  1.85570 1.000000 0.000000
Cl 1  8.56400  9.89200 0.000000  1.76177 1.000000 0.000000
Ar 1  9.46500 12.71000 0.000000  3.73622 1.000000 0.000000
 K 1  2.42100  3.84000 0.000000  4.58343 1.000000 0.000000
Ca 1  3.23100  5.76000 0.000000  3.54480 1.000000 0.000000
Sc 1  3.39500  6.16000 0.000000  3.10170 1.000000 0.000000
Ti 1  3.47000  6.76000 0.000000  2.84825 1.000000 0.000000
 V 1  3.65000  6.82000 0.000000  2.60543 1.000000 0.000000
Cr 1  3.41500  7.73000 0.000000  2.48490 1.000000 0.000000
Mn 1  3.32500  8.21000 0.000000  2.71709 1.000000 0.000000
Fe 1  3.76000  8.28000 0.000000  2.46895 1.000000 0.000000
Co 1  4.10500  8.35000 0.000000  2.49199 1.000000 0.000000
Ni 1  4.46500  8.41000 0.000000  2.47782 1.000000 0.000000
Cu 1  3.72900  5.00200 0.000000  2.54162 1.000000 0.000000
Zn 1  5.10600  8.57000 0.000000  2.48136 1.000000 0.000000
Ga 1  3.64100  6.32000 0.000000  2.14638 1.000000 0.000000
Ge 1  4.05100  6.87600 0.000000  2.10738 1.000000 0.000000
As 1  5.18800  7.61800 0.000000  2.13397 1.000000 0.000000
Se 1  6.42800  8.26200 0.000000  2.16942 1.000000 0.000000
Br 1  7.79000  8.85000 0.000000  2.02231 1.000000 0.000000
Kr 1  8.50500 11.43000 0.000000  4.02335 1.000000 0.000000
Rb 1  2.33100  3.69200 0.000000  4.90955 1.000000 0.000000
Sr 1  3.02400  4.88000 0.000000  4.28035 1.000000 0.000000
 Y 1  3.83000  5.62000 0.000000  3.54126 1.000000 0.000000
Zr 1  3.40000  7.10000 0.000000  3.11588 1.000000 0.000000
Nb 1  3.55000  6.76000 0.000000  2.84116 1.000000 0.000000
Mo 1  3.46500  7.51000 0.000000  2.71177 1.000000 0.000000
Tc 1  3.29000  7.98000 0.000000  2.65860 1.000000 0.000000
Ru 1  3.57500  8.03000 0.000000  2.65860 1.000000 0.000000
Rh 1  3.97500  8.01000 0.000000  2.67455 1.000000 0.000000
Pd 1  4.32000  8.00000 0.000000  2.73659 1.000000 0.000000
Ag 1  4.43600  6.26800 0.000000  2.87483 1.000000 0.000000
Cd 1  5.03400  7.91400 0.000000  2.83584 1.000000 0.000000
In 1  3.50600  5.79200 0.000000  2.48845 1.000000 0.000000
Sn 1  3.98700  6.24800 0.000000  2.39983 1.000000 0.000000
Sb 1  4.89900  6.68400 0.000000  2.48845 1.000000 0.000000
Te 1  5.81600  7.05200 0.000000  2.44591 1.000000 0.000000
 I 1  6.82200  7.52400 0.000000  2.36261 1.000000 0.000000
Xe 1  7.59500  9.95000 0.000000  4.35833 1.000000 0.000000
Cs 1  2.18300  3.42200 0.000000  5.28884 1.000000 0.000000
Ba 1  2.81400  4.79200 0.000000  4.32820 1.000000 0.000000
La 1  2.83550  5.48300 0.000000  3.67064 1.000000 0.000000
Ce 1  2.77400  5.38400 0.000000  3.41187 1.000000 0.000000
Pr 1  2.85800  5.12800 0.000000  3.55721 1.000000 0.000000
Nd 1  2.86850  5.24100 0.000000  3.55721 1.000000 0.000000
Pm 1  2.88100  5.34600 0.000000  3.54480 1.000000 0.000000
Sm 1  2.91150  5.43900 0.000000  3.50581 1.000000 0.000000
Eu 1  2.87850  5.57500 0.000000  3.94713 1.000000 0.000000
Gd 1  3.16650  5.94900 0.000000  3.48808 1.000000 0.000000
Tb 1  3.01800  5.66800 0.000000  3.46327 1.000000 0.000000
Dy 1  3.05550  5.74300 0.000000  3.42782 1.000000 0.000000
Ho 1  3.12700  5.78200 0.000000  3.41187 1.000000 0.000000
Er 1  3.18650  5.82900 0.000000  3.39415 1.000000 0.000000
Tm 1  3.25140  5.86580 0.000000  3.54480 1.000000 0.000000
Yb 1  3.28890  5.93000 0.000000  3.82484 1.000000 0.000000
Lu 1  2.96290  4.92580 0.000000  3.36047 1.000000 0.000000
Hf 1  3.70000  6.80000 0.000000  3.11765 1.000000 0.000000
Ta 1  5.10000  5.70000 0.000000  2.84470 1.000000 0.000000
 W 1  4.63000  6.62000 0.000000  2.72595 1.000000 0.000000
Re 1  3.96000  7.84000 0.000000  2.83584 1.000000 0.000000
Os 1  5.14000  7.26000 0.000000  3.01308 1.000000 0.000000
Ir 1  5.00000  8.00000 0.000000  3.30730 1.000000 0.000000
Pt 1  4.79000  8.86000 0.000000  2.75963 1.000000 0.000000
Au 1  4.89400  5.17200 0.000000  2.86774 1.000000 0.000000
Hg 1  6.27000  8.32000 0.000000  2.83584 1.000000 0.000000
Tl 1  3.20000  5.80000 0.000000  2.71177 1.000000 0.000000
Pb 1  3.90000  7.06000 0.000000  2.55935 1.000000 0.000000
Bi 1  4.69000  7.48000 0.000000  2.68341 1.000000 0.000000
Po 1  4.21000  8.42000 0.000000  2.62315 1.000000 0.000000
At 1  4.75000  9.50000 0.000000  2.60543 1.000000 0.000000
Rn 1  5.37000 10.74000 0.000000  3.89928 1.000000 0.000000
Fr 1  2.00000  4.00000 0.000000  4.07652 1.000000 0.000000
Ra 1  2.84300  4.86800 0.000000  3.89928 1.000000 0.000000
Ac 1  2.83500  5.67000 0.000000  3.73622 1.000000 0.000000
Th 1  3.17500  5.81000 0.000000  3.57670 1.000000 0.000000
Pa 1  2.98500  5.81000 0.000000  3.19032 1.000000 0.000000
 U 1  3.34100  5.70600 0.000000  3.03612 1.000000 0.000000
Np 1  3.54900  5.43400 0.000000  3.19032 1.000000 0.000000
Pu 1  3.24300  5.63800 0.000000  3.26122 1.000000 0.000000
Am 1  2.98950  6.00700 0.000000  3.44200 1.000000 0.000000
Cm 1  2.83150  6.37900 0.000000  3.36756 1.000000 0.000000
Bk 1  3.19350  6.07100 0.000000  3.36756 1.000000 0.000000
Cf 1  3.19700  6.20200 0.000000  3.36756 1.000000 0.000000
Es 1  3.33300  6.17800 0.000000  3.36756 1.000000 0.000000
Fm 1  3.40000  6.20000 0.000000  3.36756 1.000000 0.000000
Md 1  3.47000  6.22000 0.000000  3.36756 1.000000 0.000000
No 1  3.47500  6.35000 0.000000  3.36756 1.000000 0.000000
Lr 1  3.50000  6.40000 0.000000  3.36756 1.000000 0.000000
