#QEq Parameters
#from email to Bill Goddard from Tony Rappe
#Thu Jul 23 12:10:41 1992
#Notes:
#1. Can use directly in GULP
#2. for LAMMPS, convert ElectNeg and Hardness to kcal/mol (x23.06)
#	and Hardnessx2 and convert Radii to zeta=(2n+1)/(4R*1.88973)
#	rember: R is in angstroms and needs to be converted to bohr(x1.88973)
Element  QuanNo MinQ MaxQ  ElectNeg  Hardness  GenRadii
Ele           n qmin qmax   Chi(eV)     J(eV)   R(A) 
H             1   -1    1   4.52800   6.49205   0.37100
He            1    0    2   9.66000  14.92000   1.30000
Li            2   -1    1   3.00600   2.38600   1.55700
Be            2   -1    2   4.87700   4.44300   1.24000
B             2   -5    3   4.06800   4.23000   0.82200
C             2   -4    4   5.34300   5.06300   0.75900
N             2   -3    5   6.89900   5.88000   0.71500
O             2   -2    6   8.74100   6.68200   0.66900
F             2   -1    7  10.87400   7.47400   0.70600
Ne            2    0    8  11.04000  10.55000   1.76800
Na            3   -1    1   2.84300   2.29600   2.08500
Mg            3   -1    2   3.95100   3.69300   1.50000
Al            3   -5    3   3.04100   2.94500   1.20100
Si            3   -4    4   4.16800   3.48700   1.17600
P             3   -3    5   5.46300   4.00000   1.10200
S             3   -2    6   6.92800   4.48600   1.04700
Cl            3   -1    7   8.56400   4.94600   0.99400
Ar            3    0    8   9.46500   6.35500   2.10800
K             4   -1    1   2.42100   1.92000   2.58600
Ca            4   -1    2   3.23100   2.88000   2.00000
Sc            4   -1    3   3.39500   3.08000   1.75000
Ti            4   -1    4   3.47000   3.38000   1.60700
V             4   -1    5   3.65000   3.41000   1.47000
Cr            4   -1    6   3.41500   3.86500   1.40200
Mn            4   -1    7   3.32500   4.10500   1.53300
Fe            4   -1    8   3.76000   4.14000   1.39300
Co            4   -1    9   4.10500   4.17500   1.40600
Ni            4   -1   10   4.46500   4.20500   1.39800
Cu            4   -1   10   3.72900   2.50100   1.43400
Zn            4   -1    2   5.10600   4.28500   1.40000
Ga            4   -5    3   2.99900   3.00100   1.21100
Ge            4   -4    4   4.05100   3.43800   1.18900
As            4   -3    5   5.18800   3.80900   1.20400
Se            4   -2    6   6.42800   4.13100   1.22400
Br            4   -1    7   7.79000   4.42500   1.14100
Kr            4    0    8   8.50500   5.71500   2.27000
Rb            5   -1    1   2.33100   1.84600   2.77000
Sr            5   -1    2   3.02400   2.44000   2.41500
Y             5   -1    3   3.83000   2.81000   1.99800
Zr            5   -1    4   3.40000   3.55000   1.75800
Nb            5   -1    5   3.55000   3.38000   1.60300
Mo            5   -1    6   3.46500   3.75500   1.53000
Tc            5   -1    7   3.29000   3.99000   1.50000
Ru            5   -1    8   3.57500   4.01500   1.50000
Rh            5   -1    9   3.97500   4.00500   1.50900
Pd            5   -1   10   4.32000   4.00000   1.54400
Ag            5   -1   10   4.43600   3.13400   1.62200
Cd            5   -1    2   5.03400   3.95700   1.60000
In            5   -5    3   2.99700   2.79000   1.40400
Sn            5   -4    4   3.98700   3.12400   1.35400
Sb            5   -3    5   4.89900   3.34200   1.40400
Te            5   -2    6   5.81600   3.52600   1.38000
I             5   -1    7   6.82200   3.76200   1.33300
Xe            5    0    8   7.59500   4.97500   2.45900
Cs            6   -1    1   2.18300   1.71100   2.98400
Ba            6   -1    2   2.81400   2.39600   2.44200
La            6   -1    3   2.83550   2.74150   2.07100
Ce            6   -1    4   2.77400   2.69200   1.92500
Pr            6   -1    5   2.85800   2.56400   2.00700
Nd            6   -1    6   2.86850   2.62050   2.00700
Pm            6   -1    7   2.88100   2.67300   2.00000
Sm            6   -1    8   2.91150   2.71950   1.97800
Eu            6   -1    9   2.87850   2.78750   2.22700
Gd            6   -1   10   3.16650   2.97450   1.96800
Tb            6   -1   11   3.01800   2.83400   1.95400
Dy            6   -1   12   3.05550   2.87150   1.93400
Ho            6   -1   13   3.12700   2.89100   1.92500
Er            6   -1   14   3.18650   2.91450   1.91500
Tm            6   -1   14   3.25140   2.93290   2.00000
Yb            6   -1   14   3.28890   2.96500   2.15800
Lu            6   -1    3   2.96290   2.46290   1.89600
Hf            6   -1    4   3.70000   3.40000   1.75900
Ta            6   -1    5   5.10000   2.85000   1.60500
W             6   -1    6   4.63000   3.31000   1.53800
Re            6   -1    7   3.96000   3.92000   1.60000
Os            6   -1    8   5.14000   3.63000   1.70000
Ir            6   -1    9   5.00000   4.00000   1.86600
Pt            6   -1   10   4.79000   4.43000   1.55700
Au            6   -1   10   4.89400   2.58600   1.61800
Hg            6   -1    2   6.27000   4.16000   1.60000
Tl            6   -5    3   3.20000   2.90000   1.53000
Pb            6   -4    4   3.90000   3.53000   1.44400
Bi            6   -3    5   4.69000   3.74000   1.51400
Po            6   -2    6   4.21000   4.21000   1.48000
At            6   -1    7   4.75000   4.75000   1.47000
Rn            6    0    8   5.37000   5.37000   2.20000
Fr            7   -1    1   2.00000   2.00000   2.30000
Ra            7   -1    2   2.84300   2.43400   2.20000
Ac            7   -1    3   2.83500   2.83500   2.10800
Th            7   -1    4   3.17500   2.90500   2.01800
Pa            7   -1    5   2.98500   2.90500   1.80000
U             7   -1    6   3.34100   2.85300   1.71300
Np            7   -1    7   3.54900   2.71700   1.80000
Pu            7   -1    8   3.24300   2.81900   1.84000
Am            7   -1    9   2.98950   3.00350   1.94200
Cm            7   -1   10   2.83150   3.18950   1.90000
Bk            7   -1   11   3.19350   3.03550   1.90000
Cf            7   -1   12   3.19700   3.10100   1.90000
Es            7   -1   13   3.33300   3.08900   1.90000
Fm            7   -1   14   3.40000   3.10000   1.90000
Md            7   -1   14   3.47000   3.11000   1.90000
No            7   -1   14   3.47500   3.17500   1.90000
Lw            7   -1    3   3.50000   3.20000   1.90000
