 H    0.8855   1.0000   1.0080   1.9000   0.0412   0.6424  -0.1000   1.0000
      8.5000  80.7451   1.0000   0.0000 121.1250   4.6043   7.1825   1.0000
     -0.1000   0.0000  61.6606   1.9908   3.6082   0.0003   1.0698   0.0000
    -18.8113   1.6999   1.0338   1.0000   2.8793   0.0000   0.0000   0.0000
 O    1.2450   2.0000  15.9990   2.3967   0.2486   1.1000   1.0548   6.0000
      8.5729  65.4233   4.0000  37.5000 116.0768   8.5000   7.7196   2.0000
      0.9049   8.5473  59.0626   2.5529   0.9643   0.0021   0.9745   0.0000
     -3.7080   5.7560   1.0493   4.0000   2.9225   0.0000   0.0000   0.0000
  1      ! Nr of bonds; Edis1;LPpen;n.u.;pbe1;pbo5;13corr;pbo6                  
                         pbe2;pbo3;pbo4;n.u.;pbo1;pbo2;ovcorr                   
  2  3 148.5491   0.0000   0.0000  -0.6819   0.0000   1.0000   6.0000   0.3957
         0.9507   1.0000   0.0000   1.0000  -0.0875   4.0002   0.0000   0.0000
  1    ! Nr of off-diagonal terms; Ediss;Ro;gamma;rsigma;rpi;rpi2               
  2  3   0.0234   1.2331  11.0300   0.9290  -1.0000  -1.0000
  4    ! Nr of angles;at1;at2;at3;Thetao,o;ka;kb;pv1;pv2                        
  2  3  3  75.6935  25.0000   2.0000   0.0000   1.0000   0.0000   1.1680        
  2  3  2  80.3515  19.0905   1.0827   0.0000   0.7973   0.0000   2.9548
  3  2  3   0.0000   4.4124   2.5758   0.0000   0.0000   0.0000   2.9884        
  2  2  3   0.0000  15.0000   2.2970   0.0000   0.0000   0.0000   1.3268        
  6    ! Nr of torsions;at1;at2;at3;at4;;V1;V2;V3;V2(BO);vconj;n.u;n            
  2  3  3  2   2.5000  -4.0000   0.9000  -2.5000  -1.0000   0.0000   0.0000     
  2  3  3  3   0.8302  -4.0000  -0.7763  -2.5000  -1.0000   0.0000   0.0000     
  3  3  3  3  -2.5000  -4.0000   1.0000  -2.5000  -1.0000   0.0000   0.0000     
  0  2  2  0   0.0000   0.0000   0.0000   0.0000   0.0000   0.0000   0.0000     
  0  2  3  0   0.0000   0.1000   0.0200  -2.5415   0.0000   0.0000   0.0000     
  0  3  3  0   0.5511  25.4150   1.1330  -5.1903  -1.0000   0.0000   0.0000     
  1    ! Nr of hydrogen bonds;at1;at2;at3;Rhb;Dehb;vhb1                         
  3  2  3   2.2898  -1.1015   2.7787  35.0000
