   1   -0.505510
   2   -0.009416
   3    0.594214
   4   -0.621968
   5    0.301469
   6    0.290035
   7   -0.261806
   8    0.156396
   9   -0.561597
  10    0.423080
  11    0.146887
  12    0.205203
  13    0.162391
  14   -0.692960
  15    0.393710
  16    0.352773
  17   -0.668099
  18    0.348744
  19    0.369786
  20   -0.731294
  21    0.383390
  22    0.381052
  23   -0.734794
  24    0.328050
  25    0.358007
  26   -0.717883
  27    0.334245
  28    0.389415
  29   -0.672116
  30    0.393124
  31    0.366336
  32   -0.736770
  33    0.376973
  34    0.366490
  35   -0.666428
  36    0.335058
  37    0.325984
  38   -0.721944
  39    0.354775
  40    0.383069
  41   -0.659760
  42    0.366129
  43    0.384154
  44   -0.730386
  45    0.334340
  46    0.372648
  47   -0.709343
  48    0.382991
  49    0.350516
  50   -0.731052
  51    0.364082
  52    0.348528
  53   -0.708235
  54    0.309736
  55    0.336170
  56   -0.705645
  57    0.386854
  58    0.395636
  59   -0.687444
  60    0.338526
  61    0.347704
  62   -0.736770
  63    0.330194
  64    0.348360
  65   -0.680836
  66    0.361169
  67    0.346262
  68   -0.704338
  69    0.379161
  70    0.363249
  71   -0.693380
  72    0.388592
  73    0.359400
  74   -0.654327
  75    0.281371
  76   -0.606245
  77    0.313914
