   Iter. Nmol    Epot         Ekin      Etot        T(K)  Eaver(block) Eaver(total) Taver      Tmax    Pres(GPa)   sdev(Epot)  sdev(Eaver)    Tset      Timestep    RMSG     Totaltime
       0   1  23   -6651.84      68.86   -6582.98     300.00   -6651.84   -6651.84     300.00     300.00       0.00       0.00       0.00     300.00       0.25       1.87       0.00
      25   1  23   -6632.54      50.37   -6582.16     219.47   -6636.66   -6636.66     236.64     297.80       0.00       6.21       5.04     300.00       0.25       7.89       6.25
      50   1  23   -6620.67      38.43   -6582.25     167.42   -6630.79   -6633.73     208.52     241.77       0.00       5.41       4.58     300.00       0.25      10.16      12.50
      75   1  23   -6629.60      48.71   -6580.89     212.21   -6628.67   -6632.04     204.88     225.32       0.00       3.52       4.52     300.00       0.25       7.88      18.75
     100   1  23   -6632.73      53.12   -6579.61     231.43   -6627.67   -6630.95     206.44     231.43       0.00       3.01       4.43     300.00       0.25       7.18      25.00
     125   1  23   -6628.82      49.86   -6578.96     217.22   -6631.34   -6631.03     226.46     233.10       0.00       1.39       4.26     300.00       0.25       8.25      31.25
     150   1  23   -6633.97      55.92   -6578.05     243.62   -6632.99   -6631.35     237.98     245.33       0.00       1.83       4.05     300.00       0.25       7.59      37.50
     175   1  23   -6635.36      58.43   -6576.93     254.56   -6632.77   -6631.55     240.93     255.50       0.00       1.85       3.83     300.00       0.25       6.95      43.75
     200   1  23   -6628.63      52.44   -6576.19     228.49   -6630.98   -6631.48     236.87     251.97       0.00       1.57       3.63     300.00       0.25       7.74      50.00
     225   1  23   -6626.20      50.84   -6575.36     221.50   -6629.41   -6631.25     233.86     248.80       0.00       2.24       3.47     300.00       0.25       8.64      56.25
     250   1  23   -6629.66      55.24   -6574.43     240.66   -6628.59   -6630.99     233.95     246.55       0.00       2.05       3.33     300.00       0.25       8.66      62.50
     275   1  23   -6628.98      55.16   -6573.82     240.31   -6628.22   -6630.74     235.75     252.11       0.00       2.58       3.22     300.00       0.25       7.69      68.75
     300   1  23   -6628.21      55.43   -6572.78     241.48   -6628.10   -6630.52     238.72     254.25       0.00       2.22       3.14     300.00       0.25       8.18      75.00
     325   1  23   -6632.33      59.62   -6572.70     259.76   -6631.45   -6630.59     256.21     273.51       0.00       3.35       3.06     300.00       0.25       7.88      81.25
     350   1  23   -6632.20      60.30   -6571.91     262.70   -6632.17   -6630.70     260.98     267.10       0.00       0.95       2.97     300.00       0.25       8.15      87.50
     375   1  23   -6630.31      58.92   -6571.39     256.72   -6631.54   -6630.76     261.30     272.86       0.00       1.96       2.89     300.00       0.25       8.95      93.75
     400   1  23   -6630.03      58.99   -6571.04     256.99   -6630.12   -6630.72     256.31     261.99       0.00       0.70       2.82     300.00       0.25       7.80     100.00
     425   1  23   -6631.89      61.59   -6570.30     268.35   -6629.96   -6630.67     258.94     269.73       0.00       1.62       2.75     300.00       0.25       8.01     106.25
     450   1  23   -6632.55      62.95   -6569.61     274.24   -6631.24   -6630.70     267.16     274.24       0.00       0.75       2.69     300.00       0.25       8.15     112.50
     475   1  23   -6633.16      63.59   -6569.57     277.04   -6633.14   -6630.83     276.90     279.73       0.00       0.41       2.63     300.00       0.25       8.84     118.75
     500   1  23   -6635.39      66.15   -6569.23     288.21   -6635.98   -6631.09     289.98     299.64       0.00       1.39       2.57     300.00       0.25       9.49     125.00
     525   1  23   -6638.14      68.91   -6569.23     300.23   -6636.12   -6631.33     291.57     301.40       0.00       1.26       2.51     300.00       0.25       7.29     131.25
     550   1  23   -6636.61      67.31   -6569.30     293.25   -6636.17   -6631.55     291.16     297.91       0.00       1.13       2.45     300.00       0.25       7.34     137.50
     575   1  23   -6633.91      64.58   -6569.33     281.37   -6635.89   -6631.74     289.75     302.15       0.00       2.29       2.40     300.00       0.25       8.64     143.75
     600   1  23   -6632.90      63.88   -6569.02     278.33   -6633.40   -6631.81     279.23     286.51       0.00       1.15       2.35     300.00       0.25       8.50     150.00
     625   1  23   -6627.30      58.58   -6568.72     255.21   -6630.24   -6631.74     266.27     278.56       0.00       1.89       2.30     300.00       0.25       9.01     156.25
     650   1  22   -6630.91      62.67   -6568.25     273.04   -6629.65   -6631.66     266.27     277.67       0.00       1.75       2.26     300.00       0.25       8.36     162.50
     675   1  22   -6638.93      70.73   -6568.19     308.18   -6633.84   -6631.74     286.44     308.18       0.00       2.42       2.21     300.00       0.25       7.32     168.75
     700   1  22   -6639.92      71.82   -6568.10     312.91   -6639.36   -6632.02     310.14     325.96       0.00       2.26       2.17     300.00       0.25       8.56     175.00
     725   1  22   -6639.80      71.52   -6568.28     311.62   -6639.01   -6632.26     309.26     318.02       0.00       1.61       2.14     300.00       0.25       9.27     181.25
     750   1  22   -6640.95      71.44   -6569.51     311.26   -6640.32   -6632.53     311.67     315.69       0.00       0.60       2.10     300.00       0.25       8.13     187.50
     775   1  23   -6635.74      66.64   -6569.10     290.33   -6638.04   -6632.70     298.93     310.76       0.00       1.45       2.08     300.00       0.25       9.22     193.75
     800   1  23   -6640.10      70.87   -6569.23     308.77   -6638.50   -6632.89     302.46     309.22       0.00       1.62       2.05     300.00       0.25       9.09     200.00
     825   1  23   -6642.71      73.01   -6569.70     318.11   -6640.43   -6633.11     308.94     318.11       0.00       1.63       2.03     300.00       0.25       8.05     206.25
     850   1  22   -6637.33      68.06   -6569.28     296.52   -6641.07   -6633.35     311.49     319.52       0.00       1.39       2.01     300.00       0.25       8.95     212.50
     875   1  22   -6632.20      62.73   -6569.48     273.29   -6636.26   -6633.43     291.08     302.00       0.00       1.93       2.00     300.00       0.25       8.76     218.75
     900   1  22   -6627.36      58.33   -6569.03     254.12   -6628.13   -6633.28     255.89     271.64       0.00       2.28       1.99     300.00       0.25       7.63     225.00
     925   1  22   -6629.47      60.98   -6568.49     265.68   -6629.00   -6633.17     262.64     271.22       0.00       1.20       1.97     300.00       0.25       9.99     231.25
     950   1  21   -6639.00      70.69   -6568.31     307.97   -6634.16   -6633.19     286.76     307.97       0.00       4.27       1.95     300.00       0.25       7.83     237.50
     975   1  21   -6643.23      74.67   -6568.56     325.34   -6641.17   -6633.40     317.45     327.36       0.00       1.53       1.94     300.00       0.25       8.01     243.75
    1000   1  22   -6646.65      77.81   -6568.84     339.02   -6645.50   -6633.70     333.98     340.74       0.00       1.18       1.93     300.00       0.25       7.36     250.00
    1025   1  23   -6650.13      80.72   -6569.40     351.69   -6645.53   -6633.99     332.92     355.43       0.00       3.88       1.92     300.00       0.25       7.73     256.25
    1050   1  22   -6640.58      70.65   -6569.93     307.82   -6644.83   -6634.25     327.42     348.64       0.00       2.56       1.92     300.00       0.25       9.58     262.50
    1075   1  22   -6642.83      72.32   -6570.51     315.09   -6643.48   -6634.46     319.30     329.86       0.00       1.69       1.93     300.00       0.25       8.54     268.75
    1100   1  23   -6641.21      70.29   -6570.92     306.24   -6641.86   -6634.63     308.82     321.12       0.00       2.07       1.94     300.00       0.25       8.97     275.00
    1125   1  23   -6643.39      72.44   -6570.94     315.63   -6641.36   -6634.78     306.41     320.05       0.00       2.00       1.95     300.00       0.25       7.16     281.25
    1150   1  23   -6635.93      64.84   -6571.09     282.51   -6637.62   -6634.84     290.30     311.26       0.00       1.73       1.96     300.00       0.25       8.40     287.50
    1175   1  23   -6639.04      68.53   -6570.51     298.58   -6638.34   -6634.92     293.75     302.43       0.00       1.90       1.97     300.00       0.25       7.94     293.75
    1200   1  23   -6644.22      73.35   -6570.87     319.58   -6644.12   -6635.11     320.00     330.92       0.00       2.19       1.99     300.00       0.25       9.41     300.00
    1225   1  23   -6646.31      75.30   -6571.01     328.06   -6643.09   -6635.27     314.16     328.06       0.00       2.06       2.00     300.00       0.25       7.71     306.25
    1250   1  23   -6639.62      68.29   -6571.32     297.54   -6642.54   -6635.42     310.41     330.09       0.00       2.67       2.02     300.00       0.25       7.61     312.50
    1275   1  23   -6642.17      70.47   -6571.71     307.02   -6642.07   -6635.55     307.36     314.42       0.00       1.38       2.04     300.00       0.25       7.71     318.75
    1300   1  23   -6639.12      67.22   -6571.89     292.89   -6639.62   -6635.62     295.58     305.11       0.00       1.51       2.06     300.00       0.25       9.34     325.00
    1325   1  23   -6640.56      68.49   -6572.07     298.41   -6639.13   -6635.69     291.55     298.41       0.00       0.52       2.08     300.00       0.25       8.07     331.25
    1350   1  23   -6645.20      72.71   -6572.49     316.81   -6645.26   -6635.87     318.07     325.87       0.00       1.43       2.10     300.00       0.25       7.75     337.50
    1375   1  23   -6643.45      70.92   -6572.54     308.97   -6643.71   -6636.01     310.67     316.28       0.00       0.76       2.12     300.00       0.25       9.32     343.75
    1400   1  23   -6638.83      66.71   -6572.13     290.63   -6639.99   -6636.08     294.28     307.08       0.00       1.20       2.14     300.00       0.25       8.77     350.00
    1425   1  23   -6634.45      62.37   -6572.09     271.72   -6636.15   -6636.08     279.46     291.64       0.00       2.23       2.16     300.00       0.25       7.56     356.25
    1450   2  23   -6629.89      57.80   -6572.09     251.81   -6632.60   -6636.02     262.72     271.34       0.00       1.29       2.18     300.00       0.25       7.59     362.50
    1475   1  23   -6625.36      54.60   -6570.76     237.89   -6627.75   -6635.88     245.45     250.47       0.00       1.00       2.19     300.00       0.25       8.27     368.75
    1500   1  23   -6628.68      58.48   -6570.20     254.79   -6628.36   -6635.76     252.20     259.89       0.00       1.46       2.20     300.00       0.25       7.96     375.00
    1525   1  23   -6629.18      59.55   -6569.63     259.45   -6629.10   -6635.65     258.06     261.34       0.00       0.60       2.21     300.00       0.25       7.88     381.25
    1550   1  23   -6631.79      62.89   -6568.90     273.99   -6627.79   -6635.52     254.70     273.99       0.00       1.99       2.21     300.00       0.25       7.79     387.50
    1575   1  22   -6634.36      65.89   -6568.47     287.09   -6633.73   -6635.49     283.46     290.63       0.00       1.22       2.21     300.00       0.25       8.22     393.75
    1600   1  23   -6636.14      67.76   -6568.38     295.22   -6636.65   -6635.51     297.59     307.03       0.00       1.65       2.21     300.00       0.25       8.09     400.00
    1625   1  22   -6630.33      62.31   -6568.02     271.48   -6631.98   -6635.46     277.88     295.13       0.00       3.14       2.21     300.00       0.25       8.66     406.25
    1650   1  22   -6627.27      60.21   -6567.06     262.32   -6629.21   -6635.36     267.50     277.75       0.00       1.83       2.21     300.00       0.25       7.98     412.50
    1675   1  23   -6625.26      57.84   -6567.42     252.01   -6626.78   -6635.23     258.31     263.04       0.00       0.79       2.20     300.00       0.25       8.63     418.75
    1700   1  23   -6624.16      57.94   -6566.23     252.43   -6623.31   -6635.06     246.98     252.43       0.00       0.72       2.20     300.00       0.25       8.91     425.00
    1725   1  23   -6634.44      68.54   -6565.90     298.62   -6630.74   -6635.00     281.62     298.62       0.00       2.48       2.19     300.00       0.25       8.20     431.25
    1750   1  23   -6635.25      68.95   -6566.30     300.40   -6633.78   -6634.98     294.00     308.19       0.00       2.29       2.18     300.00       0.25       8.77     437.50
    1775   1  23   -6636.23      69.53   -6566.70     302.95   -6634.60   -6634.97     296.93     302.95       0.00       0.82       2.17     300.00       0.25       8.30     443.75
    1800   1  23   -6639.77      73.18   -6566.60     318.81   -6638.80   -6635.03     313.90     326.10       0.00       1.84       2.17     300.00       0.25       7.23     450.00
    1825   1  23   -6637.77      70.89   -6566.88     308.86   -6639.05   -6635.08     314.99     322.67       0.00       0.99       2.16     300.00       0.25       8.33     456.25
    1850   1  23   -6634.72      67.90   -6566.82     295.81   -6633.51   -6635.06     290.31     305.39       0.00       1.53       2.15     300.00       0.25       8.43     462.50
    1875   1  23   -6637.55      70.72   -6566.84     308.11   -6636.12   -6635.07     301.75     310.26       0.00       1.69       2.14     300.00       0.25       8.45     468.75
    1900   1  21   -6634.26      66.71   -6567.55     290.64   -6639.68   -6635.14     315.54     333.54       0.00       3.03       2.14     300.00       0.25       9.92     475.00
    1925   1  23   -6634.83      67.66   -6567.17     294.79   -6632.96   -6635.11     285.49     294.79       0.00       1.58       2.13     300.00       0.25       7.72     481.25
    1950   1  23   -6637.13      70.44   -6566.69     306.89   -6633.36   -6635.08     289.16     307.98       0.00       2.80       2.12     300.00       0.25       8.36     487.50
    1975   1  22   -6638.35      70.74   -6567.61     308.21   -6639.70   -6635.14     315.32     330.16       0.00       2.43       2.12     300.00       0.25      10.51     493.75
    2000   1  21   -6652.39      84.42   -6567.97     367.81   -6646.26   -6635.28     343.02     367.81       0.00       3.59       2.11     300.00       0.25      10.14     500.00
    2025   1  22   -6654.74      85.69   -6569.04     373.35   -6652.56   -6635.50     365.50     377.35       0.00       2.46       2.10     300.00       0.25       8.97     506.25
    2050   1  23   -6648.18      78.56   -6569.62     342.26   -6652.11   -6635.70     361.41     380.69       0.00       2.76       2.10     300.00       0.25      11.31     512.50
    2075   1  23   -6649.77      78.69   -6571.08     342.85   -6650.30   -6635.87     347.83     366.74       0.00       2.62       2.10     300.00       0.25       8.65     518.75
    2100   1  21   -6654.81      82.90   -6571.91     361.19   -6653.22   -6636.08     355.43     365.42       0.00       1.66       2.10     300.00       0.25       8.76     525.00
    2125   1  19   -6647.81      75.33   -6572.48     328.21   -6649.13   -6636.23     335.75     358.61       0.00       2.20       2.11     300.00       0.25       9.14     531.25
    2150   1  20   -6644.24      71.49   -6572.76     311.45   -6645.35   -6636.34     316.34     324.19       0.00       1.19       2.11     300.00       0.25       8.92     537.50
    2175   1  18   -6641.00      67.79   -6573.21     295.36   -6643.58   -6636.42     307.07     317.43       0.00       1.62       2.12     300.00       0.25       8.97     543.75
    2200   1  19   -6642.16      69.55   -6572.61     303.02   -6642.06   -6636.49     301.45     310.35       0.00       1.30       2.12     300.00       0.25       8.81     550.00
    2225   1  21   -6652.10      79.14   -6572.96     344.79   -6644.23   -6636.57     311.90     344.80       0.00       4.04       2.13     300.00       0.25       7.79     556.25
    2250   1  21   -6653.51      79.71   -6573.79     347.31   -6652.03   -6636.75     343.05     355.07       0.00       2.27       2.14     300.00       0.25       8.92     562.50
    2275   1  22   -6654.63      80.30   -6574.33     349.85   -6658.27   -6636.98     366.87     387.20       0.00       3.19       2.15     300.00       0.25       9.33     568.75
    2300   1  21   -6656.83      81.21   -6575.61     353.83   -6656.33   -6637.19     354.21     357.53       0.00       0.59       2.16     300.00       0.25       8.24     575.00
    2325   1  22   -6652.92      76.73   -6576.19     334.28   -6651.36   -6637.35     329.32     352.90       0.00       2.80       2.17     300.00       0.25       7.93     581.25
    2350   1  22   -6646.63      70.52   -6576.11     307.22   -6647.53   -6637.45     310.57     334.17       0.00       2.85       2.19     300.00       0.25       9.22     587.50
    2375   1  21   -6644.88      68.48   -6576.40     298.37   -6649.15   -6637.58     317.44     333.55       0.00       2.65       2.21     300.00       0.25       8.73     593.75
    2400   1  20   -6652.49      75.81   -6576.68     330.29   -6650.38   -6637.71     321.93     330.97       0.00       2.63       2.22     300.00       0.25      10.51     600.00
    2425   1  21   -6653.47      76.29   -6577.18     332.39   -6652.35   -6637.86     328.25     341.72       0.00       2.00       2.24     300.00       0.25       9.46     606.25
    2450   1  20   -6651.28      73.38   -6577.90     319.70   -6651.00   -6637.99     320.59     330.79       0.00       1.52       2.26     300.00       0.25       8.18     612.50
    2475   1  21   -6651.92      73.49   -6578.43     320.17   -6652.26   -6638.14     322.32     332.69       0.00       1.75       2.28     300.00       0.25       8.57     618.75
    2500   1  20   -6647.34      69.04   -6578.31     300.78   -6649.06   -6638.25     307.76     319.48       0.00       2.09       2.31     300.00       0.25       8.56     625.00
    2525   1  21   -6650.91      72.38   -6578.53     315.34   -6648.89   -6638.35     307.55     315.34       0.00       1.11       2.33     300.00       0.25       8.05     631.25
    2550   1  21   -6652.81      74.11   -6578.70     322.87   -6650.75   -6638.48     313.32     322.87       0.00       1.01       2.35     300.00       0.25       7.91     637.50
    2575   1  23   -6651.31      72.42   -6578.89     315.51   -6650.68   -6638.59     312.03     321.45       0.00       1.36       2.37     300.00       0.25       9.71     643.75
    2600   1  22   -6649.62      69.78   -6579.84     304.04   -6654.49   -6638.75     326.70     341.27       0.00       2.48       2.40     300.00       0.25       8.45     650.00
    2625   1  22   -6657.31      77.70   -6579.61     338.52   -6652.87   -6638.88     318.99     338.52       0.00       3.63       2.42     300.00       0.25       8.20     656.25
    2650   1  22   -6662.34      81.25   -6581.09     353.99   -6658.69   -6639.07     341.13     353.99       0.00       1.67       2.45     300.00       0.25       9.43     662.50
    2675   1  22   -6659.72      78.12   -6581.60     340.38   -6659.80   -6639.26     341.18     354.19       0.00       1.57       2.48     300.00       0.25       8.40     668.75
    2700   1  21   -6668.53      86.07   -6582.46     374.99   -6665.24   -6639.50     362.75     385.63       0.00       4.31       2.51     300.00       0.25       8.07     675.00
    2725   1  21   -6667.57      83.89   -6583.68     365.49   -6666.62   -6639.75     363.94     371.39       0.00       1.31       2.54     300.00       0.25       8.74     681.25
    2750   1  20   -6668.73      84.47   -6584.26     368.02   -6668.41   -6640.01     367.31     381.31       0.00       2.26       2.58     300.00       0.25       8.55     687.50
    2775   1  21   -6661.89      76.51   -6585.38     333.34   -6666.10   -6640.25     353.34     375.77       0.00       3.06       2.62     300.00       0.25       9.47     693.75
    2800   1  21   -6660.41      74.59   -6585.83     324.97   -6663.43   -6640.45     339.79     355.00       0.00       2.20       2.66     300.00       0.25       9.02     700.00
    2825   1  22   -6661.87      75.85   -6586.02     330.48   -6657.90   -6640.61     313.39     330.48       0.00       2.93       2.70     300.00       0.25       8.08     706.25
    2850   1  21   -6664.29      77.50   -6586.79     337.67   -6661.72   -6640.79     328.23     337.67       0.00       1.42       2.74     300.00       0.25       9.12     712.50
    2875   1  21   -6658.91      71.86   -6587.04     313.10   -6662.74   -6640.98     330.17     341.68       0.00       1.78       2.79     300.00       0.25       9.35     718.75
    2900   1  22   -6658.46      71.23   -6587.22     310.36   -6660.91   -6641.16     321.30     331.82       0.00       1.84       2.83     300.00       0.25      11.93     725.00
    2925   1  21   -6661.19      73.27   -6587.92     319.22   -6659.56   -6641.31     314.18     319.52       0.00       1.14       2.88     300.00       0.25       8.72     731.25
    2950   1  21   -6661.84      72.84   -6589.00     317.34   -6660.10   -6641.47     310.41     318.57       0.00       1.51       2.92     300.00       0.25       9.56     737.50
    2975   1  22   -6668.18      78.92   -6589.26     343.86   -6666.24   -6641.68     336.16     346.36       0.00       1.74       2.97     300.00       0.25       8.29     743.75
    3000   1  22   -6665.61      75.82   -6589.79     330.33   -6666.47   -6641.89     334.97     341.84       0.00       1.12       3.02     300.00       0.25      10.37     750.00
    3025   1  20   -6669.14      78.29   -6590.85     341.10   -6666.50   -6642.09     331.11     341.10       0.00       1.99       3.06     300.00       0.25       9.03     756.25
    3050   1  20   -6664.63      73.85   -6590.78     321.77   -6666.96   -6642.29     331.68     344.17       0.00       2.50       3.12     300.00       0.25       8.51     762.50
    3075   1  20   -6657.60      66.96   -6590.64     291.75   -6663.64   -6642.47     317.37     329.96       0.00       2.80       3.17     300.00       0.25       9.74     768.75
    3100   1  20   -6662.12      71.53   -6590.59     311.65   -6657.39   -6642.59     290.75     311.65       0.00       2.67       3.22     300.00       0.25       7.74     775.00
    3125   1  22   -6665.84      74.68   -6591.16     325.36   -6662.71   -6642.75     312.29     325.75       0.00       1.93       3.27     300.00       0.25       9.48     781.25
    3150   1  22   -6664.04      72.56   -6591.48     316.15   -6666.76   -6642.94     329.10     340.63       0.00       1.75       3.32     300.00       0.25       9.16     787.50
    3175   1  21   -6661.78      69.77   -6592.01     303.97   -6664.92   -6643.11     319.16     332.56       0.00       2.10       3.37     300.00       0.25       8.83     793.75
    3200   1  21   -6662.87      71.04   -6591.83     309.49   -6661.52   -6643.26     302.86     310.87       0.00       1.44       3.42     300.00       0.25       8.46     800.00
    3225   1  21   -6660.55      68.85   -6591.70     299.96   -6659.59   -6643.38     295.85     311.06       0.00       2.20       3.47     300.00       0.25       8.36     806.25
    3250   1  20   -6655.76      64.52   -6591.24     281.12   -6658.64   -6643.50     291.89     308.51       0.00       2.86       3.52     300.00       0.25      10.11     812.50
    3275   1  22   -6656.01      65.16   -6590.86     283.89   -6653.42   -6643.58     271.11     288.09       0.00       2.75       3.57     300.00       0.25       7.90     818.75
    3300   1  22   -6654.12      63.20   -6590.92     275.34   -6654.69   -6643.66     276.62     292.84       0.00       2.27       3.62     300.00       0.25       9.80     825.00
    3325   1  22   -6657.90      66.65   -6591.25     290.40   -6657.90   -6643.77     290.48     307.77       0.00       2.61       3.67     300.00       0.25       9.77     831.25
    3350   2  22   -6665.96      74.97   -6590.99     326.65   -6662.37   -6643.91     310.23     327.79       0.00       2.64       3.72     300.00       0.25       8.90     837.50
    3375   2  21   -6664.68      73.31   -6591.36     319.42   -6663.95   -6644.05     317.58     327.29       0.00       2.05       3.77     300.00       0.25       8.82     843.75
    3400   2  22   -6654.13      62.63   -6591.50     272.89   -6660.36   -6644.17     300.13     316.41       0.00       3.57       3.81     300.00       0.25      10.18     850.00
    3425   1  20   -6660.55      69.01   -6591.54     300.68   -6658.03   -6644.28     289.37     300.68       0.00       1.58       3.86     300.00       0.25       9.58     856.25
    3450   2  19   -6658.99      68.14   -6590.85     296.87   -6660.82   -6644.40     303.10     312.15       0.00       1.11       3.91     300.00       0.25      10.47     862.50
    3475   1  20   -6659.86      68.39   -6591.47     297.96   -6658.34   -6644.50     292.61     301.49       0.00       2.03       3.96     300.00       0.25       9.48     868.75
    3500   1  20   -6659.50      67.96   -6591.55     296.08   -6662.42   -6644.62     308.32     323.14       0.00       2.46       4.00     300.00       0.25       8.84     875.00
    3525   1  21   -6658.83      67.65   -6591.19     294.72   -6658.99   -6644.73     294.70     302.93       0.00       1.49       4.05     300.00       0.25      10.38     881.25
    3550   1  21   -6657.09      65.74   -6591.34     286.42   -6659.70   -6644.83     297.62     304.94       0.00       1.47       4.09     300.00       0.25      10.20     887.50
    3575   1  21   -6658.39      66.78   -6591.61     290.95   -6658.81   -6644.93     293.05     295.93       0.00       0.55       4.14     300.00       0.25      10.47     893.75
    3600   1  21   -6652.87      61.68   -6591.19     268.73   -6653.38   -6644.99     269.88     288.31       0.00       2.07       4.18     300.00       0.25       8.88     900.00
    3625   1  22   -6653.67      62.72   -6590.95     273.26   -6653.66   -6645.05     271.89     281.56       0.00       1.39       4.22     300.00       0.25      10.42     906.25
    3650   1  22   -6656.28      65.45   -6590.83     285.17   -6659.49   -6645.15     297.58     320.78       0.00       3.95       4.27     300.00       0.25      10.41     912.50
    3675   1  21   -6663.01      72.29   -6590.72     314.94   -6659.27   -6645.24     298.21     314.94       0.00       1.59       4.31     300.00       0.25       9.57     918.75
    3700   1  22   -6663.11      72.14   -6590.97     314.30   -6662.94   -6645.36     313.54     321.12       0.00       1.14       4.35     300.00       0.25       9.03     925.00
    3725   1  22   -6653.89      63.19   -6590.70     275.29   -6658.59   -6645.45     294.57     312.33       0.00       3.10       4.39     300.00       0.25      10.56     931.25
    3750   1  22   -6655.22      64.30   -6590.92     280.17   -6656.01   -6645.52     284.09     293.19       0.00       1.17       4.43     300.00       0.25      10.01     937.50
    3775   1  22   -6653.09      62.29   -6590.81     271.37   -6652.13   -6645.56     266.71     278.70       0.00       1.76       4.47     300.00       0.25       8.87     943.75
    3800   1  22   -6654.91      64.58   -6590.33     281.37   -6651.45   -6645.60     265.56     281.37       0.00       2.24       4.51     300.00       0.25       8.73     950.00
    3825   1  21   -6654.76      64.60   -6590.16     281.45   -6656.58   -6645.68     288.73     298.11       0.00       1.49       4.54     300.00       0.25       9.38     956.25
    3850   1  21   -6664.64      74.41   -6590.23     324.18   -6656.59   -6645.75     288.85     324.18       0.00       3.57       4.58     300.00       0.25       7.88     962.50
    3875   1  21   -6660.01      69.90   -6590.11     304.53   -6660.64   -6645.84     306.86     325.70       0.00       2.36       4.62     300.00       0.25       8.90     968.75
    3900   1  21   -6662.47      71.89   -6590.59     313.20   -6660.53   -6645.94     304.99     317.90       0.00       2.17       4.65     300.00       0.25       8.09     975.00
    3925   1  22   -6655.95      65.14   -6590.80     283.82   -6657.75   -6646.01     291.40     310.42       0.00       1.86       4.69     300.00       0.25       9.34     981.25
    3950   1  22   -6651.63      61.19   -6590.44     266.58   -6653.88   -6646.06     275.56     283.15       0.00       1.41       4.73     300.00       0.25       9.98     987.50
    3975   1  22   -6657.01      66.77   -6590.24     290.90   -6655.44   -6646.12     283.57     290.90       0.00       1.48       4.76     300.00       0.25       9.98     993.75
    4000   1  22   -6662.79      72.36   -6590.43     315.27   -6659.63   -6646.20     302.50     317.95       0.00       2.57       4.79     300.00       0.25       9.73    1000.00
    4025   1  22   -6663.65      72.85   -6590.80     317.38   -6665.26   -6646.32     325.31     338.96       0.00       2.23       4.83     300.00       0.25      10.43    1006.25
    4050   1  22   -6665.92      74.53   -6591.40     324.70   -6662.83   -6646.43     312.95     324.70       0.00       1.31       4.86     300.00       0.25       9.50    1012.50
    4075   1  22   -6655.38      64.04   -6591.33     279.02   -6659.40   -6646.50     296.99     323.85       0.00       2.81       4.90     300.00       0.25      10.83    1018.75
    4100   1  20   -6649.22      58.18   -6591.05     253.47   -6654.33   -6646.55     275.46     290.67       0.00       2.78       4.93     300.00       0.25       9.72    1025.00
    4125   1  21   -6662.03      71.13   -6590.90     309.88   -6656.38   -6646.61     284.57     309.88       0.00       3.21       4.96     300.00       0.25       8.65    1031.25
    4150   1  22   -6661.96      71.05   -6590.91     309.55   -6661.54   -6646.70     308.02     316.27       0.00       1.27       4.99     300.00       0.25       9.04    1037.50
    4175   1  21   -6664.07      72.69   -6591.38     316.68   -6663.43   -6646.80     314.88     321.85       0.00       1.12       5.03     300.00       0.25       8.62    1043.75
    4200   1  21   -6666.00      74.22   -6591.78     323.35   -6663.96   -6646.90     314.43     329.91       0.00       2.62       5.06     300.00       0.25       8.51    1050.00
    4225   1  20   -6664.65      73.12   -6591.53     318.58   -6666.24   -6647.02     325.38     344.57       0.00       2.49       5.09     300.00       0.25      10.01    1056.25
    4250   1  21   -6667.41      75.01   -6592.40     326.82   -6666.98   -6647.14     326.68     340.47       0.00       2.92       5.12     300.00       0.25       9.91    1062.50
    4275   1  20   -6665.80      72.66   -6593.14     316.58   -6665.66   -6647.24     317.22     325.28       0.00       1.20       5.15     300.00       0.25      10.59    1068.75
    4300   1  21   -6665.57      72.27   -6593.30     314.85   -6667.69   -6647.36     325.08     337.43       0.00       1.97       5.19     300.00       0.25      10.59    1075.00
    4325   1  21   -6666.89      72.94   -6593.95     317.81   -6667.47   -6647.48     320.64     335.22       0.00       1.95       5.22     300.00       0.25      11.34    1081.25
    4350   1  20   -6665.04      71.55   -6593.49     311.72   -6666.36   -6647.59     315.99     333.11       0.00       2.70       5.25     300.00       0.25       9.02    1087.50
    4375   1  22   -6663.74      69.84   -6593.91     304.28   -6664.88   -6647.69     310.27     318.29       0.00       1.14       5.28     300.00       0.25       8.64    1093.75
    4400   1  22   -6665.70      71.77   -6593.93     312.71   -6663.54   -6647.78     302.90     315.44       0.00       2.22       5.31     300.00       0.25       9.23    1100.00
    4425   1  21   -6658.92      65.01   -6593.91     283.24   -6660.48   -6647.85     289.54     311.32       0.00       2.90       5.35     300.00       0.25       9.50    1106.25
    4450   1  21   -6659.84      65.76   -6594.07     286.52   -6660.61   -6647.92     290.27     294.12       0.00       0.60       5.38     300.00       0.25       9.70    1112.50
    4475   1  21   -6663.43      68.80   -6594.63     299.73   -6660.92   -6647.99     291.41     303.12       0.00       1.70       5.41     300.00       0.25       8.41    1118.75
    4500   1  21   -6659.19      64.86   -6594.33     282.59   -6659.55   -6648.06     283.74     297.32       0.00       1.24       5.44     300.00       0.25       8.93    1125.00
    4525   1  22   -6659.14      64.78   -6594.36     282.24   -6658.35   -6648.11     279.42     284.33       0.00       0.70       5.47     300.00       0.25       8.41    1131.25
    4550   1  22   -6652.61      58.63   -6593.98     255.42   -6655.92   -6648.16     268.60     287.24       0.00       3.09       5.50     300.00       0.25      10.06    1137.50
    4575   1  21   -6652.10      58.96   -6593.14     256.89   -6656.28   -6648.20     273.50     293.08       0.00       3.15       5.53     300.00       0.25      12.43    1143.75
    4600   1  21   -6654.49      61.97   -6592.52     270.01   -6651.66   -6648.22     256.56     270.01       0.00       1.07       5.56     300.00       0.25      11.70    1150.00
    4625   1  22   -6651.14      59.00   -6592.15     257.04   -6652.37   -6648.24     261.91     283.38       0.00       2.82       5.58     300.00       0.25       9.86    1156.25
    4650   1  22   -6660.48      67.90   -6592.58     295.82   -6658.21   -6648.30     286.41     298.41       0.00       3.14       5.61     300.00       0.25      10.00    1162.50
    4675   1  21   -6669.68      77.27   -6592.41     336.67   -6660.22   -6648.36     295.65     336.67       0.00       4.56       5.64     300.00       0.25       7.39    1168.75
    4700   1  20   -6657.99      65.57   -6592.42     285.67   -6662.75   -6648.44     306.90     337.47       0.00       3.57       5.66     300.00       0.25      10.99    1175.00
    4725   1  21   -6658.92      66.42   -6592.49     289.40   -6659.05   -6648.49     290.10     301.38       0.00       1.56       5.69     300.00       0.25      10.78    1181.25
    4750   1  21   -6655.23      62.96   -6592.27     274.33   -6656.95   -6648.54     280.61     290.23       0.00       1.73       5.72     300.00       0.25       9.41    1187.50
    4775   1  22   -6650.51      58.64   -6591.87     255.48   -6652.84   -6648.56     264.80     273.66       0.00       1.49       5.74     300.00       0.25       8.29    1193.75
    4800   2  22   -6658.10      66.45   -6591.65     289.51   -6652.41   -6648.58     263.10     289.51       0.00       2.68       5.77     300.00       0.25       8.91    1200.00
    4825   2  22   -6649.83      58.56   -6591.28     255.12   -6653.39   -6648.60     269.88     291.79       0.00       3.29       5.79     300.00       0.25      10.30    1206.25
    4850   1  22   -6662.72      70.69   -6592.03     307.98   -6659.59   -6648.66     293.30     308.46       0.00       4.48       5.82     300.00       0.25       8.94    1212.50
    4875   1  21   -6670.42      78.16   -6592.26     340.51   -6664.49   -6648.74     314.92     340.51       0.00       2.49       5.84     300.00       0.25       9.96    1218.75
    4900   1  21   -6668.24      74.86   -6593.37     326.17   -6669.75   -6648.85     334.86     343.19       0.00       1.42       5.86     300.00       0.25       9.20    1225.00
    4925   1  21   -6662.88      69.22   -6593.66     301.59   -6668.09   -6648.95     324.15     343.91       0.00       3.05       5.89     300.00       0.25      10.11    1231.25
    4950   1  21   -6663.70      70.51   -6593.19     307.20   -6663.85   -6649.02     305.99     316.18       0.00       1.68       5.91     300.00       0.25       8.86    1237.50
    4975   1  21   -6667.28      73.54   -6593.74     320.42   -6665.48   -6649.11     314.16     322.09       0.00       1.31       5.93     300.00       0.25       9.79    1243.75
    5000   1  22   -6663.99      70.00   -6593.99     304.99   -6663.42   -6649.18     302.74     318.80       0.00       1.93       5.96     300.00       0.25       9.36    1250.00
    5025   1  22   -6663.26      69.34   -6593.92     302.12   -6666.24   -6649.26     315.34     330.56       0.00       2.48       5.98     300.00       0.25       9.96    1256.25
    5050   1  22   -6665.79      71.59   -6594.20     311.92   -6663.80   -6649.33     303.51     311.92       0.00       1.36       6.00     300.00       0.25      10.36    1262.50
    5075   1  22   -6671.54      76.81   -6594.73     334.64   -6669.63   -6649.43     328.93     336.59       0.00       1.92       6.03     300.00       0.25      11.77    1268.75
    5100   1  22   -6670.94      75.08   -6595.86     327.13   -6673.65   -6649.55     341.05     351.56       0.00       1.74       6.05     300.00       0.25       9.83    1275.00
    5125   1  22   -6671.82      75.47   -6596.35     328.81   -6670.29   -6649.65     324.74     334.85       0.00       1.62       6.08     300.00       0.25      10.64    1281.25
    5150   1  22   -6666.90      70.48   -6596.42     307.07   -6667.39   -6649.74     309.24     325.17       0.00       1.50       6.10     300.00       0.25       9.11    1287.50
    5175   1  21   -6667.52      71.16   -6596.36     310.04   -6666.46   -6649.82     305.33     320.78       0.00       2.43       6.12     300.00       0.25       8.89    1293.75
    5200   1  22   -6664.52      68.79   -6595.73     299.70   -6663.91   -6649.89     295.64     306.09       0.00       1.57       6.15     300.00       0.25      10.01    1300.00
    5225   1  22   -6669.16      72.23   -6596.94     314.69   -6668.92   -6649.98     316.93     326.01       0.00       1.73       6.17     300.00       0.25       9.44    1306.25
    5250   1  21   -6675.70      78.04   -6597.66     340.01   -6671.79   -6650.08     323.47     340.01       0.00       1.48       6.19     300.00       0.25       9.14    1312.50
    5275   1  21   -6678.42      80.52   -6597.90     350.80   -6675.09   -6650.20     336.92     350.80       0.00       2.33       6.22     300.00       0.25       9.26    1318.75
    5300   1  22   -6683.24      84.28   -6598.96     367.19   -6679.65   -6650.34     354.21     369.21       0.00       1.91       6.24     300.00       0.25       8.12    1325.00
    5325   1  22   -6678.94      79.22   -6599.73     345.14   -6677.99   -6650.47     341.16     362.57       0.00       1.82       6.27     300.00       0.25       9.63    1331.25
    5350   1  20   -6672.98      72.84   -6600.15     317.34   -6676.86   -6650.59     335.16     343.57       0.00       1.44       6.29     300.00       0.25      11.05    1337.50
    5375   1  22   -6672.58      72.18   -6600.41     314.46   -6674.40   -6650.70     322.09     337.06       0.00       2.49       6.32     300.00       0.25      10.20    1343.75
    5400   1  21   -6664.52      64.26   -6600.25     279.98   -6669.96   -6650.79     303.16     315.73       0.00       2.92       6.34     300.00       0.25       9.06    1350.00
    5425   1  20   -6669.62      68.79   -6600.83     299.71   -6669.24   -6650.88     299.04     313.58       0.00       2.36       6.37     300.00       0.25       8.61    1356.25
    5450   1  20   -6672.56      71.40   -6601.17     311.07   -6670.14   -6650.97     300.60     311.07       0.00       1.76       6.39     300.00       0.25       8.25    1362.50
    5475   1  20   -6668.25      67.95   -6600.30     296.04   -6665.42   -6651.03     281.96     309.02       0.00       3.19       6.42     300.00       0.25      11.60    1368.75
    5500   1  21   -6679.37      78.57   -6600.80     342.32   -6675.75   -6651.15     327.36     346.27       0.00       3.80       6.44     300.00       0.25       7.70    1375.00
    5525   1  21   -6670.63      69.30   -6601.32     301.94   -6676.06   -6651.26     325.95     339.91       0.00       2.02       6.47     300.00       0.25       9.74    1381.25
    5550   1  20   -6664.52      62.81   -6601.71     273.65   -6666.67   -6651.33     283.09     296.13       0.00       1.68       6.49     300.00       0.25       9.85    1387.50
    5575   1  20   -6655.14      54.19   -6600.96     236.09   -6661.09   -6651.37     260.25     285.23       0.00       4.81       6.52     300.00       0.25      11.27    1393.75
    5600   1  19   -6660.88      60.47   -6600.40     263.48   -6658.45   -6651.40     251.42     265.30       0.00       1.94       6.54     300.00       0.25       8.60    1400.00
    5625   1  19   -6669.03      68.80   -6600.23     299.74   -6663.44   -6651.46     275.04     299.74       0.00       3.78       6.56     300.00       0.25      10.07    1406.25
    5650   1  20   -6665.11      65.03   -6600.07     283.34   -6667.87   -6651.53     294.42     305.62       0.00       2.50       6.59     300.00       0.25      10.25    1412.50
    5675   1  20   -6668.10      67.67   -6600.43     294.84   -6669.83   -6651.61     302.57     312.72       0.00       1.86       6.61     300.00       0.25      13.11    1418.75
    5700   1  18   -6672.60      72.28   -6600.32     314.90   -6670.30   -6651.69     305.59     315.85       0.00       1.52       6.63     300.00       0.25      11.42    1425.00
    5725   1  21   -6672.37      71.69   -6600.68     312.35   -6671.44   -6651.78     308.35     313.97       0.00       0.63       6.66     300.00       0.25      10.45    1431.25
    5750   1  19   -6670.55      69.95   -6600.60     304.76   -6672.39   -6651.87     312.00     327.07       0.00       2.19       6.68     300.00       0.25      10.31    1437.50
    5775   1  20   -6671.35      69.87   -6601.48     304.39   -6672.24   -6651.96     309.59     315.23       0.00       0.91       6.71     300.00       0.25      11.01    1443.75
    5800   1  19   -6676.17      74.68   -6601.49     325.37   -6674.26   -6652.05     316.66     325.37       0.00       1.45       6.73     300.00       0.25      11.53    1450.00
    5825   1  20   -6675.02      73.39   -6601.63     319.75   -6675.49   -6652.15     321.71     332.13       0.00       1.69       6.75     300.00       0.25      11.75    1456.25
    5850   1  20   -6673.83      71.58   -6602.25     311.88   -6673.02   -6652.24     310.43     324.30       0.00       2.06       6.78     300.00       0.25       9.28    1462.50
    5875   1  20   -6670.09      68.28   -6601.81     297.47   -6668.42   -6652.31     288.31     311.23       0.00       3.25       6.80     300.00       0.25       9.04    1468.75
    5900   1  18   -6677.53      76.00   -6601.52     331.12   -6670.56   -6652.39     301.03     331.12       0.00       3.19       6.82     300.00       0.25       8.78    1475.00
    5925   1  19   -6680.96      78.58   -6602.38     342.35   -6679.43   -6652.50     336.96     347.76       0.00       1.61       6.85     300.00       0.25       9.54    1481.25
    5950   1  21   -6676.64      73.22   -6603.41     319.03   -6675.94   -6652.60     318.96     338.63       0.00       1.95       6.87     300.00       0.25       7.95    1487.50
    5975   1  23   -6670.19      67.77   -6602.43     295.25   -6671.82   -6652.68     299.83     320.85       0.00       3.57       6.90     300.00       0.25      11.56    1493.75
    6000   1  22   -6675.35      71.87   -6603.47     313.13   -6671.93   -6652.76     302.09     313.13       0.00       1.68       6.92     300.00       0.25       9.44    1500.00
    6025   1  21   -6683.53      80.37   -6603.15     350.18   -6677.83   -6652.87     324.43     352.84       0.00       3.76       6.94     300.00       0.25       7.76    1506.25
    6050   1  21   -6684.10      80.38   -6603.71     350.22   -6680.66   -6652.98     336.11     352.33       0.00       3.03       6.97     300.00       0.25       9.08    1512.50
    6075   1  21   -6676.42      71.09   -6605.33     309.74   -6683.97   -6653.11     345.18     355.97       0.00       2.68       6.99     300.00       0.25      10.18    1518.75
    6100   1  21   -6679.91      74.24   -6605.67     323.47   -6678.13   -6653.21     316.86     326.97       0.00       2.53       7.02     300.00       0.25       8.85    1525.00
    6125   1  22   -6669.61      64.01   -6605.60     278.89   -6675.39   -6653.30     303.15     321.97       0.00       3.72       7.04     300.00       0.25       9.22    1531.25
    6150   1  21   -6672.50      66.93   -6605.57     291.58   -6673.81   -6653.38     297.45     309.60       0.00       2.12       7.06     300.00       0.25      10.66    1537.50
    6175   1  20   -6675.10      69.54   -6605.56     302.98   -6674.72   -6653.47     301.35     313.63       0.00       1.81       7.09     300.00       0.25       8.83    1543.75
    6200   1  21   -6682.99      77.04   -6605.95     335.65   -6676.93   -6653.56     310.22     335.65       0.00       2.10       7.11     300.00       0.25       8.51    1550.00
    6225   1  19   -6684.42      77.59   -6606.83     338.05   -6685.00   -6653.69     340.83     353.36       0.00       1.57       7.14     300.00       0.25       9.58    1556.25
    6250   1  20   -6677.10      69.77   -6607.34     303.97   -6678.44   -6653.79     310.45     336.77       0.00       2.88       7.16     300.00       0.25       9.07    1562.50
    6275   1  21   -6674.66      67.83   -6606.83     295.52   -6675.69   -6653.88     299.56     307.89       0.00       1.30       7.19     300.00       0.25       9.43    1568.75
    6300   1  21   -6676.39      69.28   -6607.12     301.84   -6676.32   -6653.97     300.98     312.63       0.00       1.64       7.21     300.00       0.25      10.01    1575.00
    6325   1  20   -6684.01      76.61   -6607.41     333.76   -6678.99   -6654.07     313.36     333.76       0.00       1.96       7.24     300.00       0.25       8.52    1581.25
    6350   1  20   -6675.52      68.05   -6607.47     296.47   -6679.07   -6654.16     311.56     334.39       0.00       2.66       7.26     300.00       0.25       9.69    1587.50
    6375   1  20   -6681.96      74.37   -6607.59     324.02   -6676.81   -6654.25     301.65     324.02       0.00       2.92       7.28     300.00       0.25      11.11    1593.75
    6400   1  21   -6681.01      72.32   -6608.69     315.08   -6680.97   -6654.36     316.42     326.50       0.00       1.54       7.31     300.00       0.25       9.24    1600.00
    6425   1  23   -6674.39      65.07   -6609.32     283.51   -6679.38   -6654.45     306.33     315.27       0.00       1.78       7.33     300.00       0.25       8.95    1606.25
    6450   1  21   -6673.06      63.93   -6609.13     278.53   -6674.40   -6654.53     284.25     299.99       0.00       2.45       7.36     300.00       0.25       9.88    1612.50
    6475   1  21   -6677.42      68.79   -6608.63     299.71   -6674.77   -6654.61     287.51     299.71       0.00       1.50       7.38     300.00       0.25      10.05    1618.75
    6500   1  20   -6684.96      75.76   -6609.20     330.07   -6684.23   -6654.72     326.85     349.32       0.00       3.27       7.41     300.00       0.25       8.30    1625.00
    6525   1  22   -6685.60      76.14   -6609.46     331.73   -6686.09   -6654.84     333.77     349.36       0.00       2.07       7.43     300.00       0.25       9.06    1631.25
    6550   1  22   -6681.17      71.32   -6609.85     310.75   -6679.89   -6654.94     307.29     331.05       0.00       2.88       7.46     300.00       0.25       8.75    1637.50
    6575   1  21   -6680.31      70.74   -6609.57     308.19   -6678.32   -6655.03     297.23     313.23       0.00       2.47       7.48     300.00       0.25       7.93    1643.75
    6600   1  20   -6679.71      70.45   -6609.26     306.96   -6679.24   -6655.12     304.58     319.46       0.00       2.46       7.51     300.00       0.25       9.88    1650.00
    6625   1  20   -6681.41      71.49   -6609.92     311.49   -6683.49   -6655.23     322.91     344.00       0.00       3.52       7.53     300.00       0.25      12.44    1656.25
    6650   1  20   -6683.02      72.57   -6610.45     316.19   -6682.83   -6655.33     316.51     326.36       0.00       1.50       7.56     300.00       0.25       9.42    1662.50
    6675   1  21   -6682.86      72.72   -6610.14     316.81   -6683.76   -6655.44     319.55     330.31       0.00       1.75       7.58     300.00       0.25      10.25    1668.75
    6700   1  20   -6676.12      65.02   -6611.10     283.28   -6680.19   -6655.53     302.36     316.76       0.00       1.98       7.61     300.00       0.25       9.95    1675.00
    6725   1  22   -6676.00      65.50   -6610.51     285.36   -6674.78   -6655.60     278.65     285.36       0.00       0.64       7.64     300.00       0.25       9.02    1681.25
    6750   1  20   -6677.89      67.68   -6610.21     294.88   -6675.97   -6655.68     286.03     294.88       0.00       1.30       7.66     300.00       0.25      11.44    1687.50
    6775   1  19   -6677.14      66.55   -6610.59     289.96   -6677.92   -6655.76     293.90     302.65       0.00       1.21       7.69     300.00       0.25       9.31    1693.75
    6800   1  20   -6678.20      68.10   -6610.11     296.69   -6677.09   -6655.84     289.49     296.69       0.00       1.01       7.71     300.00       0.25       8.88    1700.00
    6825   1  20   -6681.14      70.31   -6610.83     306.34   -6678.63   -6655.92     297.05     306.34       0.00       1.33       7.74     300.00       0.25       8.54    1706.25
    6850   1  20   -6680.78      69.65   -6611.12     303.47   -6679.65   -6656.01     299.14     305.23       0.00       1.00       7.76     300.00       0.25       9.79    1712.50
    6875   1  18   -6677.28      66.00   -6611.27     287.56   -6680.31   -6656.10     301.02     305.37       0.00       1.24       7.79     300.00       0.25       8.93    1718.75
    6900   1  18   -6679.51      68.67   -6610.83     299.20   -6675.63   -6656.17     281.87     299.20       0.00       2.10       7.81     300.00       0.25       8.64    1725.00
    6925   1  18   -6683.38      72.05   -6611.33     313.93   -6682.05   -6656.26     308.82     319.46       0.00       2.01       7.84     300.00       0.25      10.80    1731.25
    6950   1  20   -6684.00      72.59   -6611.41     316.25   -6684.31   -6656.36     318.25     327.61       0.00       1.31       7.86     300.00       0.25       8.29    1737.50
    6975   1  21   -6672.72      61.54   -6611.18     268.12   -6677.15   -6656.44     286.74     311.13       0.00       2.26       7.88     300.00       0.25      11.02    1743.75
    7000   1  20   -6677.70      66.79   -6610.91     291.00   -6676.50   -6656.51     285.24     298.78       0.00       2.50       7.91     300.00       0.25       8.99    1750.00
    7025   1  20   -6681.60      70.66   -6610.94     307.87   -6680.02   -6656.59     301.17     311.68       0.00       1.63       7.93     300.00       0.25       8.34    1756.25
    7050   1  19   -6677.94      67.22   -6610.71     292.88   -6679.98   -6656.67     300.97     315.34       0.00       2.27       7.96     300.00       0.25       8.96    1762.50
    7075   1  19   -6678.75      68.51   -6610.25     298.47   -6677.59   -6656.75     292.49     305.34       0.00       1.94       7.98     300.00       0.25       9.23    1768.75
    7100   1  20   -6679.26      68.32   -6610.95     297.65   -6679.15   -6656.83     298.67     306.71       0.00       1.24       8.01     300.00       0.25      10.48    1775.00
    7125   1  20   -6685.01      73.94   -6611.07     322.14   -6685.00   -6656.93     321.80     331.39       0.00       2.20       8.03     300.00       0.25       9.76    1781.25
    7150   1  19   -6686.49      75.17   -6611.32     327.50   -6684.17   -6657.02     316.95     327.50       0.00       1.31       8.06     300.00       0.25       9.85    1787.50
    7175   1  20   -6689.64      77.04   -6612.60     335.65   -6687.56   -6657.13     328.52     335.65       0.00       1.06       8.08     300.00       0.25      12.05    1793.75
    7200   1  19   -6692.66      80.31   -6612.35     349.90   -6693.56   -6657.25     353.04     360.04       0.00       1.10       8.11     300.00       0.25      10.35    1800.00
    7225   1  21   -6689.15      76.14   -6613.01     331.74   -6690.10   -6657.37     337.76     348.93       0.00       1.23       8.13     300.00       0.25      10.23    1806.25
    7250   1  19   -6683.94      69.80   -6614.13     304.13   -6688.29   -6657.47     324.58     332.01       0.00       1.76       8.16     300.00       0.25      10.37    1812.50
    7275   1  20   -6682.63      68.48   -6614.15     298.34   -6683.65   -6657.56     302.40     307.47       0.00       0.83       8.18     300.00       0.25      11.10    1818.75
    7300   1  18   -6683.15      68.82   -6614.33     299.83   -6684.17   -6657.65     305.06     311.50       0.00       0.86       8.21     300.00       0.25      10.19    1825.00
    7325   1  19   -6681.51      67.30   -6614.21     293.23   -6680.40   -6657.73     287.71     296.06       0.00       1.03       8.23     300.00       0.25      11.20    1831.25
    7350   1  19   -6686.33      71.83   -6614.50     312.94   -6686.44   -6657.83     314.08     317.96       0.00       1.16       8.26     300.00       0.25       9.75    1837.50
    7375   1  18   -6690.28      75.37   -6614.91     328.36   -6690.65   -6657.94     331.33     338.83       0.00       1.96       8.28     300.00       0.25      10.70    1843.75
    7400   1  20   -6694.13      78.48   -6615.65     341.93   -6692.13   -6658.06     334.52     341.93       0.00       1.67       8.31     300.00       0.25       8.92    1850.00
    7425   1  20   -6686.93      71.15   -6615.78     309.97   -6690.21   -6658.17     324.48     343.66       0.00       3.69       8.33     300.00       0.25      13.05    1856.25
    7450   1  22   -6681.98      65.47   -6616.51     285.24   -6686.33   -6658.26     304.91     317.44       0.00       2.59       8.36     300.00       0.25      10.05    1862.50
    7475   1  20   -6681.76      65.47   -6616.29     285.25   -6682.80   -6658.34     288.97     294.89       0.00       0.85       8.38     300.00       0.25      10.29    1868.75
    7500   1  20   -6688.87      72.76   -6616.11     317.01   -6684.21   -6658.43     297.64     317.01       0.00       3.38       8.41     300.00       0.25       9.46    1875.00
    7525   1  20   -6686.67      70.30   -6616.37     306.28   -6686.75   -6658.52     307.16     317.14       0.00       1.36       8.43     300.00       0.25       9.54    1881.25
    7550   1  21   -6690.58      74.60   -6615.97     325.04   -6685.52   -6658.61     301.70     325.04       0.00       2.60       8.46     300.00       0.25       9.73    1887.50
    7575   1  21   -6684.34      67.69   -6616.65     294.90   -6689.33   -6658.71     317.89     326.99       0.00       2.09       8.48     300.00       0.25       9.98    1893.75
    7600   1  20   -6689.79      72.48   -6617.31     315.79   -6686.07   -6658.80     300.25     315.79       0.00       1.46       8.51     300.00       0.25       9.61    1900.00
    7625   1  20   -6691.67      74.51   -6617.16     324.63   -6690.58   -6658.91     320.54     336.81       0.00       2.56       8.54     300.00       0.25       9.02    1906.25
    7650   1  21   -6689.65      72.40   -6617.25     315.43   -6689.70   -6659.01     316.25     333.09       0.00       2.55       8.56     300.00       0.25       9.24    1912.50
    7675   1  20   -6687.54      69.78   -6617.77     304.01   -6687.56   -6659.10     304.39     313.83       0.00       0.69       8.59     300.00       0.25       9.15    1918.75
    7700   1  20   -6690.20      72.59   -6617.61     316.27   -6686.22   -6659.19     298.89     316.27       0.00       2.19       8.61     300.00       0.25       8.90    1925.00
    7725   1  21   -6691.18      73.48   -6617.70     320.13   -6687.82   -6659.28     305.72     320.13       0.00       1.86       8.64     300.00       0.25       9.49    1931.25
    7750   1  22   -6695.21      76.53   -6618.68     333.44   -6696.68   -6659.40     340.99     356.07       0.00       2.84       8.66     300.00       0.25       9.38    1937.50
    7775   1  22   -6694.48      75.72   -6618.76     329.88   -6693.73   -6659.51     326.30     329.88       0.00       0.95       8.69     300.00       0.25      10.87    1943.75
    7800   1  19   -6687.10      67.78   -6619.32     295.32   -6690.48   -6659.61     310.60     334.81       0.00       4.98       8.72     300.00       0.25      11.12    1950.00
    7825   1  21   -6692.10      72.23   -6619.86     314.71   -6694.86   -6659.72     327.20     351.50       0.00       3.65       8.74     300.00       0.25       9.58    1956.25
    7850   1  19   -6692.22      72.44   -6619.78     315.62   -6691.35   -6659.82     311.28     324.61       0.00       1.99       8.77     300.00       0.25       8.79    1962.50
    7875   1  20   -6689.52      69.66   -6619.86     303.50   -6686.78   -6659.91     290.96     309.92       0.00       2.39       8.79     300.00       0.25       8.55    1968.75
    7900   1  20   -6690.87      71.09   -6619.79     309.71   -6689.06   -6660.00     301.89     309.71       0.00       1.46       8.82     300.00       0.25       9.99    1975.00
    7925   1  21   -6702.55      81.43   -6621.12     354.77   -6698.86   -6660.13     340.59     355.07       0.00       2.98       8.85     300.00       0.25       8.62    1981.25
    7950   1  20   -6701.43      80.22   -6621.22     349.50   -6699.73   -6660.25     341.31     353.69       0.00       2.17       8.87     300.00       0.25      11.81    1987.50
    7975   1  21   -6688.51      66.32   -6622.19     288.96   -6696.60   -6660.36     325.47     345.27       0.00       3.43       8.90     300.00       0.25       9.28    1993.75
    8000   1  20   -6685.89      63.56   -6622.33     276.94   -6687.80   -6660.45     285.26     298.04       0.00       1.81       8.92     300.00       0.25       9.29    2000.00
    8025   1  20   -6685.42      63.60   -6621.81     277.11   -6687.25   -6660.53     283.59     292.62       0.00       1.46       8.95     300.00       0.25      10.31    2006.25
    8050   1  20   -6684.65      62.72   -6621.93     273.25   -6686.08   -6660.61     279.32     284.88       0.00       0.94       8.98     300.00       0.25      10.30    2012.50
    8075   1  20   -6677.45      56.28   -6621.17     245.21   -6680.01   -6660.67     254.37     271.14       0.00       2.42       9.00     300.00       0.25       9.14    2018.75
    8100   1  20   -6682.13      61.41   -6620.72     267.56   -6682.27   -6660.74     266.85     273.75       0.00       1.62       9.03     300.00       0.25       8.50    2025.00
    8125   1  21   -6677.24      57.30   -6619.94     249.66   -6678.08   -6660.79     251.96     266.06       0.00       1.72       9.05     300.00       0.25       8.85    2031.25
    8150   1  21   -6681.73      62.51   -6619.22     272.34   -6679.06   -6660.85     258.86     273.63       0.00       2.40       9.08     300.00       0.25       9.64    2037.50
    8175   1  20   -6674.61      55.64   -6618.97     242.43   -6683.19   -6660.92     279.35     301.30       0.00       4.18       9.11     300.00       0.25      10.51    2043.75
    8200   1  21   -6683.21      64.42   -6618.79     280.67   -6681.48   -6660.98     272.42     287.11       0.00       3.28       9.13     300.00       0.25       9.57    2050.00
    8225   1  20   -6689.67      70.67   -6618.99     307.91   -6685.84   -6661.06     291.78     307.91       0.00       1.73       9.16     300.00       0.25       9.03    2056.25
    8250   1  19   -6692.50      73.54   -6618.95     320.42   -6686.18   -6661.13     293.21     320.42       0.00       3.67       9.18     300.00       0.25       9.04    2062.50
    8275   1  19   -6683.38      64.49   -6618.88     280.99   -6691.00   -6661.22     312.50     327.98       0.00       3.57       9.21     300.00       0.25      10.76    2068.75
    8300   1  18   -6688.03      68.81   -6619.22     299.79   -6685.16   -6661.29     289.03     307.51       0.00       3.54       9.23     300.00       0.25       9.60    2075.00
    8325   1  19   -6687.39      68.15   -6619.23     296.94   -6687.55   -6661.37     296.72     301.05       0.00       0.51       9.26     300.00       0.25      10.74    2081.25
    8350   1  18   -6684.16      64.91   -6619.25     282.79   -6688.59   -6661.45     301.74     317.60       0.00       2.91       9.28     300.00       0.25      10.01    2087.50
    8375   1  21   -6683.69      64.50   -6619.19     281.01   -6682.67   -6661.52     276.40     285.99       0.00       1.88       9.31     300.00       0.25       8.34    2093.75
    8400   1  20   -6684.36      65.95   -6618.41     287.35   -6682.07   -6661.58     275.24     287.35       0.00       1.45       9.33     300.00       0.25       9.52    2100.00
    8425   1  20   -6689.62      70.83   -6618.79     308.59   -6688.64   -6661.66     304.81     313.00       0.00       1.59       9.36     300.00       0.25       9.99    2106.25
    8450   1  20   -6688.76      69.57   -6619.18     303.13   -6689.31   -6661.74     305.67     314.58       0.00       1.33       9.38     300.00       0.25       9.03    2112.50
    8475   1  20   -6680.06      61.23   -6618.83     266.78   -6684.71   -6661.81     286.33     302.62       0.00       3.04       9.41     300.00       0.25       9.68    2118.75
    8500   1  21   -6685.45      67.14   -6618.31     292.53   -6684.41   -6661.87     286.92     297.54       0.00       2.07       9.43     300.00       0.25       8.74    2125.00
    8525   1  21   -6690.22      72.06   -6618.16     313.95   -6685.40   -6661.94     291.82     313.95       0.00       2.02       9.45     300.00       0.25       8.68    2131.25
    8550   1  18   -6687.40      68.60   -6618.79     298.90   -6687.02   -6662.02     297.75     315.80       0.00       2.36       9.48     300.00       0.25       8.76    2137.50
    8575   1  19   -6686.71      67.58   -6619.13     294.42   -6686.53   -6662.09     293.13     298.13       0.00       0.99       9.50     300.00       0.25       9.01    2143.75
    8600   1  17   -6686.35      67.20   -6619.15     292.79   -6685.02   -6662.16     286.68     294.04       0.00       0.89       9.53     300.00       0.25       9.65    2150.00
    8625   1  16   -6692.03      73.41   -6618.62     319.82   -6685.22   -6662.22     290.24     319.82       0.00       3.16       9.55     300.00       0.25       9.40    2156.25
    8650   1  17   -6691.34      71.31   -6620.02     310.70   -6695.31   -6662.32     329.43     340.10       0.00       1.76       9.57     300.00       0.25       9.31    2162.50
    8675   1  17   -6699.65      79.52   -6620.14     346.44   -6694.09   -6662.41     321.91     346.44       0.00       4.33       9.60     300.00       0.25       8.67    2168.75
    8700   1  19   -6687.11      67.08   -6620.03     292.27   -6694.39   -6662.50     323.69     346.52       0.00       4.09       9.62     300.00       0.25       9.65    2175.00
    8725   1  20   -6684.82      64.16   -6620.67     279.52   -6685.99   -6662.57     285.11     293.10       0.00       1.19       9.65     300.00       0.25       8.96    2181.25
    8750   1  19   -6684.73      64.93   -6619.80     282.91   -6683.68   -6662.63     276.84     282.91       0.00       0.90       9.67     300.00       0.25       9.02    2187.50
    8775   1  20   -6681.52      62.03   -6619.49     270.27   -6683.78   -6662.69     279.21     290.15       0.00       2.25       9.69     300.00       0.25      10.57    2193.75
    8800   1  19   -6688.19      68.02   -6620.17     296.35   -6687.93   -6662.76     296.38     308.39       0.00       2.60       9.72     300.00       0.25      13.12    2200.00
    8825   1  19   -6686.92      67.17   -6619.75     292.66   -6688.64   -6662.83     299.74     302.51       0.00       0.53       9.74     300.00       0.25       9.11    2206.25
    8850   1  18   -6680.99      61.67   -6619.31     268.71   -6680.42   -6662.88     265.15     288.47       0.00       2.37       9.77     300.00       0.25      10.40    2212.50
    8875   1  16   -6683.61      64.08   -6619.53     279.17   -6686.50   -6662.95     290.52     311.45       0.00       3.29       9.79     300.00       0.25       8.90    2218.75
    8900   1  18   -6680.94      61.28   -6619.66     267.01   -6683.74   -6663.01     278.95     287.94       0.00       1.94       9.81     300.00       0.25      10.48    2225.00
    8925   1  19   -6680.19      61.39   -6618.80     267.47   -6678.15   -6663.05     255.98     268.59       0.00       2.44       9.84     300.00       0.25      10.32    2231.25
    8950   1  17   -6680.44      61.64   -6618.80     268.56   -6680.95   -6663.10     269.64     278.11       0.00       1.39       9.86     300.00       0.25       9.88    2237.50
    8975   1  16   -6692.63      73.76   -6618.87     321.35   -6686.90   -6663.17     296.58     321.35       0.00       3.21       9.88     300.00       0.25      10.24    2243.75
    9000   1  18   -6693.58      74.31   -6619.27     323.76   -6692.16   -6663.25     317.91     324.08       0.00       1.42       9.90     300.00       0.25       9.66    2250.00
    9025   1  20   -6689.15      69.75   -6619.39     303.91   -6690.17   -6663.32     307.82     323.09       0.00       2.63       9.93     300.00       0.25       9.42    2256.25
    9050   1  21   -6680.54      61.31   -6619.23     267.11   -6683.03   -6663.38     276.83     302.75       0.00       2.99       9.95     300.00       0.25       8.65    2262.50
    9075   1  21   -6682.97      64.02   -6618.94     278.94   -6680.92   -6663.43     268.20     283.17       0.00       2.26       9.97     300.00       0.25       9.83    2268.75
    9100   1  21   -6682.37      63.38   -6618.99     276.12   -6684.83   -6663.48     286.90     297.37       0.00       1.75       9.99     300.00       0.25      10.33    2275.00
    9125   1  21   -6680.88      62.31   -6618.56     271.50   -6681.25   -6663.53     271.68     276.71       0.00       0.90      10.02     300.00       0.25       9.12    2281.25
    9150   1  21   -6681.67      63.20   -6618.46     275.37   -6681.18   -6663.58     272.67     275.94       0.00       0.89      10.04     300.00       0.25       8.94    2287.50
    9175   1  20   -6681.42      63.27   -6618.15     275.65   -6681.68   -6663.63     276.22     284.93       0.00       1.18      10.06     300.00       0.25      10.00    2293.75
    9200   1  18   -6691.31      73.41   -6617.90     319.82   -6687.69   -6663.70     304.72     319.82       0.00       3.20      10.08     300.00       0.25       9.26    2300.00
    9225   1  19   -6687.56      69.47   -6618.08     302.68   -6687.48   -6663.76     302.42     319.32       0.00       1.85      10.10     300.00       0.25      10.20    2306.25
    9250   1  19   -6684.22      65.63   -6618.59     285.95   -6686.94   -6663.82     299.59     317.08       0.00       2.53      10.12     300.00       0.25       9.37    2312.50
    9275   1  20   -6685.94      67.23   -6618.71     292.92   -6687.28   -6663.89     298.77     311.74       0.00       2.20      10.15     300.00       0.25       9.28    2318.75
    9300   1  20   -6686.99      68.15   -6618.84     296.93   -6682.99   -6663.94     280.43     296.93       0.00       2.20      10.17     300.00       0.25       8.84    2325.00
    9325   1  20   -6684.98      66.30   -6618.68     288.84   -6683.50   -6663.99     282.38     300.78       0.00       3.28      10.19     300.00       0.25       9.45    2331.25
    9350   1  21   -6684.60      66.54   -6618.06     289.89   -6686.14   -6664.05     296.06     308.49       0.00       1.54      10.21     300.00       0.25       9.80    2337.50
    9375   1  21   -6683.84      66.04   -6617.80     287.72   -6682.69   -6664.10     282.82     293.95       0.00       2.21      10.23     300.00       0.25      12.50    2343.75
    9400   1  20   -6679.83      62.22   -6617.61     271.08   -6681.49   -6664.14     277.27     288.74       0.00       2.24      10.25     300.00       0.25      10.17    2350.00
    9425   1  20   -6686.20      68.90   -6617.30     300.19   -6684.71   -6664.20     293.35     301.21       0.00       1.66      10.27     300.00       0.25      10.69    2356.25
    9450   1  19   -6690.27      72.35   -6617.92     315.23   -6690.81   -6664.27     318.42     338.01       0.00       3.20      10.29     300.00       0.25      11.46    2362.50
    9475   1  21   -6693.58      75.14   -6618.44     327.37   -6686.96   -6664.33     299.03     327.37       0.00       3.09      10.31     300.00       0.25       8.73    2368.75
    9500   1  19   -6688.07      69.48   -6618.59     302.70   -6691.80   -6664.40     318.02     328.26       0.00       1.67      10.34     300.00       0.25      10.54    2375.00
    9525   1  19   -6698.82      80.19   -6618.62     349.40   -6693.78   -6664.48     328.06     350.08       0.00       3.86      10.36     300.00       0.25      10.54    2381.25
    9550   1  18   -6691.71      72.47   -6619.24     315.76   -6694.51   -6664.56     328.62     347.93       0.00       1.90      10.38     300.00       0.25       9.63    2387.50
    9575   1  18   -6690.50      71.40   -6619.10     311.09   -6691.38   -6664.63     314.06     324.11       0.00       1.86      10.40     300.00       0.25      10.15    2393.75
    9600   1  19   -6699.62      79.44   -6620.18     346.11   -6694.36   -6664.71     325.69     347.46       0.00       3.12      10.42     300.00       0.25       7.16    2400.00
    9625   1  18   -6689.66      69.52   -6620.14     302.90   -6688.35   -6664.77     296.98     343.20       0.00       5.00      10.44     300.00       0.25       8.29    2406.25
    9650   1  19   -6688.70      68.50   -6620.20     298.44   -6691.92   -6664.84     312.55     326.23       0.00       2.12      10.46     300.00       0.25       9.52    2412.50
    9675   1  20   -6684.52      64.18   -6620.35     279.61   -6685.67   -6664.89     284.99     297.45       0.00       1.95      10.48     300.00       0.25       8.68    2418.75
    9700   1  18   -6682.52      62.89   -6619.63     274.00   -6681.23   -6664.93     266.93     286.62       0.00       3.21      10.50     300.00       0.25       9.62    2425.00
    9725   1  19   -6679.29      60.06   -6619.23     261.68   -6682.90   -6664.98     276.99     291.61       0.00       2.19      10.52     300.00       0.25      11.66    2431.25
    9750   1  17   -6682.01      62.99   -6619.02     274.45   -6684.03   -6665.03     282.32     299.80       0.00       2.73      10.54     300.00       0.25      10.33    2437.50
    9775   1  20   -6686.88      67.14   -6619.74     292.52   -6687.99   -6665.09     298.43     311.02       0.00       2.19      10.56     300.00       0.25       9.07    2443.75
    9800   1  18   -6683.92      64.84   -6619.08     282.50   -6683.16   -6665.13     277.98     289.14       0.00       2.05      10.58     300.00       0.25      10.76    2450.00
    9825   1  19   -6688.13      69.02   -6619.11     300.72   -6687.84   -6665.19     299.91     313.25       0.00       2.67      10.60     300.00       0.25      10.10    2456.25
    9850   1  19   -6683.33      64.29   -6619.05     280.08   -6686.07   -6665.24     291.59     300.38       0.00       1.51      10.62     300.00       0.25       9.60    2462.50
    9875   1  21   -6681.36      62.06   -6619.30     270.38   -6684.11   -6665.29     282.46     293.17       0.00       1.84      10.64     300.00       0.25       9.87    2468.75
    9900   1  21   -6679.39      60.77   -6618.62     264.75   -6677.80   -6665.32     255.97     269.42       0.00       1.96      10.66     300.00       0.25       8.80    2475.00
    9925   1  19   -6674.75      56.52   -6618.23     246.24   -6677.08   -6665.35     255.39     265.73       0.00       2.17      10.68     300.00       0.25      11.29    2481.25
    9950   1  20   -6686.43      68.57   -6617.86     298.76   -6679.59   -6665.39     268.65     298.76       0.00       2.83      10.70     300.00       0.25       8.70    2487.50
    9975   1  20   -6688.15      70.19   -6617.96     305.79   -6683.51   -6665.43     285.95     305.92       0.00       3.45      10.72     300.00       0.25       7.94    2493.75
   10000   1  20   -6685.30      67.55   -6617.75     294.30   -6684.58   -6665.48     291.18     303.91       0.00       1.86      10.73     300.00       0.25      10.00    2500.00
