  Iter.      Ebond       Eatom       Elp        Emol       Eval       Ecoa       Ehbo       Etors      Econj      Evdw      Ecoul    Echarge  Efield
       0   -7177.60    -237.30       0.00       0.00     109.54      -0.21     -51.84      13.81      -4.41    1617.12   -2465.09    1544.14       0.00
      25   -7175.75    -230.09       0.00       0.00     116.41      -0.23     -52.48      15.18      -4.87    1618.04   -2455.08    1536.33       0.00
      50   -7150.64    -231.56       0.00       0.00     112.37      -0.15     -51.87      14.32      -4.28    1604.68   -2421.17    1507.63       0.00
      75   -7183.26    -236.76       0.00       0.00     113.86      -0.22     -52.75      16.67      -4.89    1633.63   -2438.04    1522.18       0.00
     100   -7167.79    -238.37       0.00       0.00     113.29      -0.22     -53.82      12.14      -4.44    1621.02   -2428.47    1513.92       0.00
     125   -7143.38    -239.22       0.00       0.00     116.75      -0.18     -56.30      14.17      -4.38    1597.41   -2420.61    1506.92       0.00
     150   -7186.73    -232.11       0.00       0.00     116.11      -0.24     -57.74      14.09      -4.75    1633.03   -2432.60    1516.98       0.00
     175   -7163.04    -234.20       0.00       0.00     112.82      -0.17     -58.78      15.89      -4.47    1611.46   -2425.96    1511.11       0.00
     200   -7146.52    -243.05       0.00       0.00     118.50      -0.20     -58.05      14.78      -4.47    1606.08   -2429.93    1514.22       0.00
     225   -7183.98    -239.39       0.00       0.00     114.73      -0.22     -56.03      15.02      -4.82    1644.56   -2433.24    1517.18       0.00
     250   -7135.25    -240.81       0.00       0.00     113.20      -0.16     -55.87      13.55      -4.02    1592.45   -2411.78    1499.03       0.00
     275   -7167.40    -239.07       0.00       0.00     117.73      -0.22     -55.87      14.23      -4.84    1620.76   -2423.73    1509.44       0.00
     300   -7169.01    -244.41       0.00       0.00     117.36      -0.20     -57.44      13.33      -4.18    1629.08   -2412.27    1499.52       0.00
     325   -7122.05    -244.20       0.00       0.00     113.06      -0.19     -60.44      13.04      -4.38    1585.51   -2407.48    1494.80       0.00
     350   -7184.51    -231.78       0.00       0.00     117.26      -0.23     -61.21      15.00      -4.97    1635.13   -2439.03    1522.15       0.00
     375   -7184.18    -225.21       0.00       0.00     114.25      -0.15     -62.79      17.16      -4.30    1630.87   -2430.79    1514.82       0.00
     400   -7142.31    -233.24       0.00       0.00     115.32      -0.21     -64.16      14.89      -4.62    1599.45   -2419.18    1504.04       0.00
     425   -7161.91    -245.20       0.00       0.00     115.60      -0.21     -64.46      15.03      -4.42    1629.91   -2428.29    1512.06       0.00
     450   -7175.12    -236.39       0.00       0.00     113.90      -0.18     -65.84      13.96      -4.12    1640.88   -2450.42    1530.78       0.00
     475   -7155.41    -227.22       0.00       0.00     111.25      -0.21     -66.85      17.41      -4.87    1612.69   -2451.75    1531.79       0.00
     500   -7181.38    -231.34       0.00       0.00     111.61      -0.16     -65.56      14.97      -4.20    1640.84   -2457.16    1536.99       0.00
     525   -7168.16    -237.10       0.00       0.00     116.20      -0.23     -66.06      14.03      -4.73    1631.71   -2477.70    1553.91       0.00
     550   -7143.48    -233.59       0.00       0.00     112.80      -0.22     -65.46      16.25      -4.70    1603.44   -2465.36    1543.71       0.00
     575   -7209.88    -219.27       0.00       0.00     108.61      -0.17     -64.81      13.13      -4.32    1664.50   -2473.81    1552.10       0.00
     600   -7188.19    -211.89       0.02       0.00     115.97      -0.24     -64.85      16.58      -5.13    1626.43   -2473.18    1551.59       0.00
     625   -7208.70    -212.10       0.00       0.00     114.67      -0.17     -63.53      15.93      -4.50    1655.67   -2495.04    1570.45       0.00
     650   -7200.33    -208.95       0.00       0.00     109.75      -0.19     -62.98      15.76      -4.93    1642.70   -2481.37    1559.63       0.00
     675   -7198.42    -205.01       0.00       0.00     119.87      -0.22     -61.78      15.88      -5.02    1625.22   -2533.99    1604.54       0.00
     700   -7221.10    -209.95       0.00       0.00     114.76      -0.17     -61.31      14.79      -4.72    1662.95   -2570.37    1635.18       0.00
     725   -7171.22    -208.40       0.03       0.00     104.36      -0.22     -61.03      16.85      -5.10    1610.14   -2499.29    1574.09       0.00
     750   -7212.15    -205.11       0.01       0.00     115.30      -0.18     -62.17      15.82      -4.45    1646.16   -2558.89    1624.70       0.00
     775   -7202.87    -209.44       0.01       0.00     110.66      -0.15     -62.47      15.28      -4.41    1646.89   -2522.12    1592.89       0.00
     800   -7165.61    -211.08       0.01       0.00     103.85      -0.19     -61.78      17.23      -5.00    1605.57   -2475.90    1552.81       0.00
     825   -7223.70    -210.20       0.00       0.00     117.53      -0.18     -62.00      15.18      -4.97    1660.86   -2558.71    1623.45       0.00
     850   -7178.45    -205.86       0.03       0.00     112.63      -0.20     -59.26      17.27      -4.87    1606.41   -2496.84    1571.82       0.00
     875   -7202.62    -207.46       0.00       0.00     113.42      -0.20     -58.76      16.73      -5.13    1637.65   -2505.49    1579.65       0.00
     900   -7198.65    -212.28       0.01       0.00     118.04      -0.21     -59.35      14.29      -4.96    1642.44   -2511.09    1584.42       0.00
     925   -7181.61    -203.09       0.04       0.00     116.63      -0.22     -60.27      16.79      -5.37    1609.97   -2485.39    1563.05       0.00
     950   -7222.05    -216.80       0.00       0.00     118.10      -0.21     -63.98      15.08      -5.04    1669.05   -2549.16    1616.00       0.00
     975   -7142.47    -223.41       0.00       0.00     112.65      -0.22     -66.33      18.68      -5.08    1589.26   -2495.60    1569.29       0.00
    1000   -7172.36    -222.10       0.00       0.00     119.77      -0.22     -69.81      15.31      -4.62    1616.79   -2518.81    1589.39       0.00
    1025   -7200.84    -218.08       0.00       0.00     114.20      -0.19     -71.90      16.11      -4.76    1648.52   -2547.55    1614.36       0.00
    1050   -7165.28    -205.44       0.00       0.00     111.43      -0.18     -71.10      17.29      -4.95    1605.04   -2514.05    1586.65       0.00
    1075   -7227.10    -205.03       0.03       0.00     113.68      -0.19     -71.05      16.70      -5.04    1667.56   -2551.08    1618.69       0.00
    1100   -7176.18    -213.97       0.00       0.00     113.53      -0.18     -71.81      14.78      -4.74    1621.54   -2499.53    1575.34       0.00
    1125   -7198.76    -208.69       0.01       0.00     109.11      -0.14     -72.70      14.28      -4.81    1641.29   -2496.21    1573.22       0.00
    1150   -7209.92    -214.45       0.00       0.00     111.82      -0.17     -74.72      18.96      -4.71    1658.81   -2488.20    1566.66       0.00
    1175   -7154.64    -214.20       0.00       0.00     109.59      -0.15     -73.88      17.39      -4.56    1599.51   -2459.90    1541.81       0.00
    1200   -7217.26    -217.88       0.02       0.00     116.44      -0.17     -73.15      14.62      -4.78    1663.72   -2505.53    1579.76       0.00
    1225   -7175.49    -218.90       0.00       0.00     107.56      -0.14     -71.29      16.98      -4.63    1619.44   -2463.13    1543.29       0.00
    1250   -7172.98    -218.11       0.00       0.00     112.02      -0.17     -68.10      14.63      -4.68    1617.75   -2464.50    1544.53       0.00
    1275   -7220.88    -217.70       0.00       0.00     111.68      -0.15     -67.36      15.50      -4.71    1665.93   -2495.49    1571.01       0.00
    1300   -7163.37    -214.55       0.00       0.00     106.79      -0.17     -64.81      17.54      -4.78    1603.65   -2461.35    1541.91       0.00
    1325   -7189.43    -215.80       0.01       0.00     110.74      -0.20     -64.79      15.62      -4.89    1633.95   -2506.68    1580.91       0.00
    1350   -7192.66    -222.18       0.00       0.00     112.85      -0.22     -64.43      16.77      -5.14    1635.36   -2503.03    1577.48       0.00
    1375   -7166.90    -214.62       0.00       0.00     110.74      -0.17     -63.37      16.21      -4.75    1602.34   -2489.01    1566.09       0.00
    1400   -7212.94    -217.74       0.01       0.00     113.68      -0.21     -64.91      17.68      -4.98    1657.82   -2515.66    1588.40       0.00
    1425   -7170.59    -223.02       0.00       0.00     109.76      -0.16     -64.09      16.02      -4.85    1621.36   -2456.64    1537.76       0.00
    1450   -7182.20    -223.05       0.00       0.00     110.58      -0.19     -63.96      16.47      -5.13    1637.97   -2471.81    1551.43       0.00
    1475   -7225.35    -211.75       0.00       0.00     112.37      -0.18     -64.05      17.23      -5.03    1673.65   -2485.55    1563.29       0.00
    1500   -7144.20    -223.67       0.00       0.00     105.35      -0.17     -63.38      17.81      -4.72    1600.35   -2444.87    1528.83       0.00
    1525   -7203.84    -227.14       0.00       0.00     117.34      -0.22     -61.84      18.40      -4.58    1657.47   -2504.12    1579.35       0.00
    1550   -7155.57    -237.78       0.00       0.00     116.74      -0.22     -59.83      17.64      -4.20    1614.04   -2483.45    1560.84       0.00
    1575   -7129.59    -230.05       0.00       0.00     111.89      -0.19     -59.00      15.86      -4.72    1584.23   -2481.14    1558.36       0.00
    1600   -7217.78    -211.28       0.00       0.00     114.18      -0.16     -57.12      15.70      -4.56    1654.53   -2532.25    1602.59       0.00
    1625   -7180.53    -208.43       0.03       0.00     111.07      -0.20     -57.85      14.57      -5.34    1617.61   -2473.72    1552.47       0.00
    1650   -7190.34    -213.18       0.00       0.00     117.12      -0.18     -59.81      14.66      -5.10    1635.40   -2500.23    1574.39       0.00
    1675   -7214.74    -212.42       0.01       0.00     115.15      -0.18     -60.78      19.31      -4.78    1661.24   -2520.17    1592.09       0.00
    1700   -7185.18    -209.82       0.00       0.00     113.63      -0.17     -62.53      17.62      -4.61    1630.33   -2486.00    1562.56       0.00
    1725   -7190.19    -215.46       0.00       0.00     111.01      -0.15     -63.26      15.58      -4.44    1643.38   -2535.80    1604.89       0.00
    1750   -7177.12    -215.14       0.01       0.00     105.26      -0.21     -64.42      16.23      -5.15    1628.84   -2489.02    1565.46       0.00
    1775   -7188.48    -214.60       0.00       0.00     103.52      -0.17     -66.20      17.79      -4.73    1639.46   -2486.44    1563.63       0.00
    1800   -7200.15    -219.66       0.00       0.00     111.89      -0.17     -67.67      15.31      -4.56    1656.17   -2545.05    1614.11       0.00
    1825   -7159.72    -218.79       0.00       0.00     102.02      -0.20     -68.28      17.70      -4.56    1615.43   -2482.43    1561.07       0.00
    1850   -7203.11    -221.79       0.00       0.00     111.86      -0.16     -71.17      16.69      -4.33    1664.83   -2521.80    1594.25       0.00
    1875   -7193.26    -213.09       0.00       0.00     114.12      -0.20     -71.07      16.00      -4.68    1645.61   -2541.76    1610.77       0.00
    1900   -7169.48    -209.22       0.00       0.00     113.88      -0.19     -69.73      16.08      -4.69    1614.74   -2506.50    1580.85       0.00
    1925   -7215.82    -204.95       0.00       0.00     112.86      -0.15     -66.71      15.41      -4.60    1662.03   -2551.00    1618.10       0.00
    1950   -7198.56    -207.22       0.01       0.00     112.98      -0.21     -65.87      15.17      -5.07    1641.02   -2532.04    1602.66       0.00
    1975   -7200.29    -203.51       0.01       0.00     113.33      -0.17     -68.12      14.70      -4.52    1637.95   -2518.32    1590.59       0.00
    2000   -7177.98    -201.29       0.00       0.00     112.07      -0.19     -67.51      15.34      -4.79    1602.95   -2536.58    1605.59       0.00
    2025   -7205.04    -201.27       0.02       0.00     110.94      -0.22     -67.60      14.92      -5.06    1626.14   -2522.70    1595.13       0.00
    2050   -7188.30    -208.77       0.00       0.00     110.98      -0.16     -66.36      11.36      -4.77    1625.54   -2519.67    1591.98       0.00
    2075   -7186.71    -210.29       0.00       0.00     117.43      -0.23     -65.89      12.90      -5.10    1619.05   -2534.45    1603.51       0.00
    2100   -7224.96    -195.23       0.02       0.00     115.09      -0.22     -65.91      17.29      -5.16    1634.03   -2528.43    1598.66       0.00
    2125   -7190.04    -193.47       0.00       0.00     110.24      -0.21     -64.82      13.49      -4.72    1610.48   -2515.81    1587.06       0.00
    2150   -7221.69    -190.14       0.02       0.00     119.96      -0.27     -62.52      16.20      -4.88    1634.05   -2556.09    1621.10       0.00
    2175   -7213.23    -184.26       0.03       0.00     118.20      -0.21     -59.57      17.84      -4.88    1615.79   -2537.08    1606.37       0.00
    2200   -7207.75    -196.56       0.00       0.00     113.74      -0.20     -60.47      15.82      -4.79    1628.45   -2541.38    1610.97       0.00
    2225   -7226.62    -199.84       0.00       0.00     115.29      -0.20     -64.34      16.58      -4.87    1646.68   -2575.85    1641.06       0.00
    2250   -7178.90    -200.89       0.01       0.00     116.77      -0.17     -66.15      18.44      -4.73    1594.03   -2561.26    1629.34       0.00
    2275   -7209.47    -200.80       0.00       0.00     114.36      -0.20     -67.82      16.43      -4.92    1633.77   -2586.43    1650.45       0.00
    2300   -7200.95    -198.87       0.00       0.00     113.24      -0.16     -68.32      14.58      -4.63    1621.75   -2567.41    1633.95       0.00
    2325   -7173.48    -216.39       0.00       0.00     117.61      -0.23     -68.50      14.82      -4.62    1607.01   -2533.71    1604.56       0.00
    2350   -7170.95    -219.90       0.00       0.00     115.07      -0.22     -69.93      14.99      -4.77    1618.96   -2535.11    1605.22       0.00
    2375   -7171.77    -220.26       0.00       0.00     123.63      -0.19     -71.87      14.78      -4.48    1617.95   -2561.23    1628.54       0.00
    2400   -7200.17    -208.08       0.00       0.00     119.14      -0.20     -74.17      16.54      -4.91    1635.00   -2584.26    1648.63       0.00
    2425   -7205.97    -196.00       0.01       0.00     110.39      -0.17     -73.70      12.79      -4.76    1638.74   -2587.81    1653.02       0.00
    2450   -7188.09    -199.14       0.00       0.00     112.09      -0.18     -72.19      16.53      -4.71    1616.34   -2570.91    1638.97       0.00
    2475   -7205.51    -214.09       0.00       0.00     118.73      -0.24     -71.72      13.17      -4.83    1648.55   -2596.39    1660.41       0.00
    2500   -7170.61    -214.06       0.00       0.00     114.79      -0.21     -72.02      18.40      -5.07    1615.65   -2578.67    1644.47       0.00
    2525   -7188.93    -202.94       0.00       0.00     113.20      -0.20     -73.31      16.29      -4.59    1627.04   -2605.48    1668.02       0.00
    2550   -7218.28    -198.54       0.01       0.00     112.80      -0.17     -74.17      14.88      -4.81    1652.69   -2603.10    1665.90       0.00
    2575   -7181.10    -210.19       0.00       0.00     112.09      -0.19     -74.69      19.20      -4.90    1623.14   -2578.43    1643.76       0.00
    2600   -7196.51    -204.49       0.00       0.00     119.91      -0.16     -75.29      16.90      -4.72    1633.47   -2608.56    1669.81       0.00
    2625   -7188.56    -217.48       0.00       0.00     117.37      -0.23     -74.07      18.05      -4.74    1631.14   -2604.25    1665.46       0.00
    2650   -7149.91    -226.96       0.00       0.00     116.51      -0.18     -74.70      16.16      -4.25    1596.93   -2588.35    1652.41       0.00
    2675   -7170.60    -217.08       0.00       0.00     123.95      -0.22     -74.38      15.71      -4.59    1604.95   -2604.95    1667.50       0.00
    2700   -7214.56    -204.02       0.00       0.00     118.40      -0.19     -74.88      15.63      -4.62    1634.49   -2615.09    1676.30       0.00
    2725   -7157.27    -201.84       0.00       0.00     113.11      -0.18     -74.65      15.53      -4.50    1575.17   -2574.43    1641.50       0.00
    2750   -7173.38    -223.97       0.00       0.00     121.55      -0.21     -74.82      15.19      -4.68    1611.61   -2611.91    1671.90       0.00
    2775   -7169.43    -226.47       0.00       0.00     119.47      -0.21     -77.60      12.93      -4.35    1619.01   -2577.50    1642.26       0.00
    2800   -7181.02    -201.28       0.00       0.00     115.63      -0.19     -77.45      16.45      -4.79    1607.67   -2582.46    1647.04       0.00
    2825   -7205.59    -201.91       0.00       0.00     114.13      -0.19     -76.99      12.90      -4.70    1638.47   -2598.66    1660.66       0.00
    2850   -7146.93    -223.70       0.00       0.00     112.26      -0.25     -75.72      12.01      -4.55    1592.80   -2546.73    1616.51       0.00
    2875   -7169.62    -214.75       0.00       0.00     118.55      -0.26     -75.18      12.98      -4.72    1607.27   -2568.84    1635.67       0.00
    2900   -7208.97    -191.84       0.00       0.00     112.51      -0.15     -75.37      12.12      -4.72    1629.06   -2566.62    1635.53       0.00
    2925   -7170.66    -210.34       0.01       0.00     110.27      -0.27     -74.06      16.89      -4.95    1599.57   -2540.12    1612.47       0.00
    2950   -7153.93    -230.81       0.00       0.00     114.31      -0.26     -75.72      13.24      -4.42    1607.03   -2553.51    1622.23       0.00
    2975   -7167.86    -211.34       0.00       0.00     108.29      -0.21     -75.02      14.25      -4.72    1597.16   -2539.37    1610.64       0.00
    3000   -7211.26    -193.28       0.07       0.00     115.29      -0.21     -76.06      14.94      -4.84    1624.90   -2581.61    1646.48       0.00
    3025   -7163.66    -223.27       0.00       0.00     116.09      -0.24     -77.22      13.26      -4.65    1605.19   -2564.62    1629.99       0.00
    3050   -7154.75    -220.42       0.00       0.00     109.57      -0.20     -76.15      13.32      -4.55    1597.59   -2528.55    1599.52       0.00
    3075   -7222.06    -183.69       0.01       0.00     114.71      -0.19     -75.18      16.94      -4.71    1628.92   -2560.89    1628.54       0.00
    3100   -7174.93    -212.71       0.00       0.00     115.88      -0.22     -75.00      16.78      -4.57    1603.98   -2550.40    1619.09       0.00
    3125   -7159.13    -226.28       0.00       0.00     112.02      -0.22     -75.85      16.18      -4.82    1603.10   -2546.05    1615.18       0.00
    3150   -7179.06    -211.55       0.03       0.00     118.87      -0.24     -75.80      14.38      -4.67    1606.92   -2563.38    1630.46       0.00
    3175   -7193.75    -206.24       0.00       0.00     113.34      -0.20     -72.60      16.71      -4.52    1613.79   -2532.98    1604.66       0.00
    3200   -7183.32    -211.04       0.00       0.00     110.61      -0.22     -73.73      14.91      -4.95    1612.11   -2526.23    1598.99       0.00
    3225   -7173.84    -207.54       0.00       0.00     111.69      -0.19     -73.28      13.99      -4.15    1598.86   -2517.79    1591.68       0.00
    3250   -7222.10    -185.51       0.03       0.00     118.60      -0.17     -72.03      14.58      -4.76    1625.75   -2555.41    1625.28       0.00
    3275   -7173.45    -203.44       0.00       0.00     120.63      -0.23     -71.75      15.56      -5.14    1590.43   -2540.64    1612.02       0.00
    3300   -7178.40    -214.73       0.00       0.00     116.85      -0.22     -72.26      13.01      -4.34    1615.83   -2538.97    1609.10       0.00
    3325   -7182.12    -207.87       0.00       0.00     120.98      -0.26     -71.41      14.27      -5.06    1606.66   -2564.10    1631.01       0.00
    3350   -7194.80    -196.75       0.01       0.00     122.15      -0.19     -71.74      15.44      -4.59    1603.85   -2602.27    1662.92       0.00
    3375   -7204.08    -204.77       0.00       0.00     113.12      -0.23     -70.99      16.74      -5.32    1625.48   -2570.14    1635.51       0.00
    3400   -7141.99    -224.73       0.00       0.00     125.87      -0.28     -68.72      11.48      -4.55    1581.92   -2560.00    1626.86       0.00
    3425   -7195.46    -206.73       0.00       0.00     122.47      -0.21     -68.90      13.37      -4.64    1616.84   -2591.53    1654.24       0.00
    3450   -7193.16    -181.54       0.03       0.00     114.49      -0.21     -68.07      13.14      -4.95    1590.14   -2542.87    1614.01       0.00
    3475   -7238.30    -188.96       0.00       0.00     114.18      -0.18     -69.86      16.21      -5.02    1646.87   -2584.73    1649.95       0.00
    3500   -7162.39    -216.87       0.00       0.00     119.96      -0.24     -72.30      12.15      -4.45    1597.58   -2571.23    1638.28       0.00
    3525   -7142.86    -214.28       0.00       0.00     113.54      -0.27     -74.05      18.41      -4.86    1571.70   -2524.86    1598.70       0.00
    3550   -7227.88    -204.71       0.00       0.00     117.32      -0.21     -74.93      16.75      -4.78    1656.16   -2587.78    1652.98       0.00
    3575   -7170.30    -185.70       0.04       0.00     108.82      -0.22     -72.96      17.76      -4.98    1574.68   -2526.18    1600.64       0.00
    3600   -7193.91    -181.25       0.01       0.00     107.38      -0.23     -72.33      13.92      -4.65    1601.15   -2504.89    1581.94       0.00
    3625   -7224.64    -192.67       0.00       0.00     112.72      -0.15     -72.46      15.79      -4.57    1642.87   -2556.84    1626.28       0.00
    3650   -7164.83    -200.02       0.03       0.00     110.83      -0.25     -71.93      16.88      -4.94    1582.64   -2515.01    1590.33       0.00
    3675   -7200.53    -208.60       0.00       0.00     108.95      -0.17     -73.04      16.32      -4.75    1630.24   -2549.82    1618.39       0.00
    3700   -7197.91    -208.74       0.00       0.00     113.95      -0.20     -73.89      18.22      -4.66    1625.59   -2574.13    1638.67       0.00
    3725   -7154.25    -198.07       0.02       0.00     107.30      -0.22     -72.97      15.94      -5.13    1580.03   -2512.01    1585.46       0.00
    3750   -7218.67    -202.70       0.00       0.00     112.10      -0.15     -71.58      17.72      -4.60    1644.25   -2541.30    1609.71       0.00
    3775   -7193.39    -214.75       0.02       0.00     117.96      -0.25     -71.03      16.42      -4.65    1627.15   -2537.82    1607.24       0.00
    3800   -7147.56    -219.69       0.00       0.00     111.09      -0.25     -72.53      13.92      -4.92    1590.50   -2503.58    1578.09       0.00
    3825   -7178.22    -209.45       0.02       0.00     118.21      -0.22     -73.67      15.91      -4.43    1607.86   -2539.97    1609.19       0.00
    3850   -7195.51    -206.19       0.01       0.00     117.04      -0.26     -75.92      14.73      -4.86    1616.72   -2547.05    1616.64       0.00
    3875   -7148.91    -214.05       0.00       0.00     114.22      -0.19     -76.92      16.14      -4.71    1581.93   -2523.74    1596.24       0.00
    3900   -7216.04    -199.57       0.00       0.00     112.89      -0.19     -76.65      14.87      -4.89    1639.40   -2560.63    1628.33       0.00
    3925   -7209.55    -202.82       0.02       0.00     117.50      -0.22     -75.42      13.80      -4.95    1636.33   -2550.97    1620.33       0.00
    3950   -7168.61    -200.65       0.00       0.00     118.56      -0.16     -74.67      17.28      -4.58    1591.62   -2534.27    1603.86       0.00
    3975   -7230.41    -198.10       0.06       0.00     118.02      -0.23     -73.19      15.59      -5.40    1653.37   -2582.30    1645.58       0.00
    4000   -7194.52    -204.43       0.00       0.00     111.84      -0.21     -73.02      16.79      -4.66    1618.61   -2558.96    1625.78       0.00
    4025   -7165.09    -192.83       0.00       0.00     115.34      -0.19     -71.41      15.09      -4.93    1576.90   -2578.44    1641.92       0.00
    4050   -7223.53    -184.78       0.04       0.00     117.63      -0.23     -70.47      13.07      -5.17    1624.80   -2596.10    1658.82       0.00
    4075   -7206.13    -185.39       0.00       0.00     112.14      -0.15     -69.49      15.15      -4.52    1615.39   -2563.02    1630.65       0.00
    4100   -7191.86    -197.07       0.01       0.00     121.11      -0.23     -71.65      13.42      -4.86    1618.16   -2582.75    1646.50       0.00
    4125   -7175.96    -198.14       0.00       0.00     114.01      -0.25     -72.25      14.01      -4.89    1594.37   -2565.91    1632.98       0.00
    4150   -7190.58    -198.39       0.02       0.00     112.44      -0.23     -72.97      12.95      -5.00    1613.35   -2569.65    1636.11       0.00
    4175   -7180.02    -205.08       0.02       0.00     117.76      -0.24     -73.53      13.91      -5.05    1604.08   -2575.00    1639.07       0.00
    4200   -7180.84    -203.57       0.02       0.00     110.81      -0.22     -71.92      15.67      -4.96    1604.49   -2570.72    1635.25       0.00
    4225   -7225.63    -188.38       0.01       0.00     110.85      -0.20     -69.22      15.48      -5.60    1637.75   -2595.93    1656.23       0.00
    4250   -7180.88    -189.42       0.08       0.00     117.04      -0.23     -70.31      12.63      -5.28    1589.82   -2599.20    1658.35       0.00
    4275   -7198.35    -198.28       0.01       0.00     113.50      -0.21     -69.31      18.05      -5.46    1612.39   -2580.30    1642.15       0.00
    4300   -7199.96    -199.37       0.03       0.00     113.94      -0.23     -68.31      10.34      -5.03    1621.53   -2589.01    1650.50       0.00
    4325   -7170.75    -196.35       0.03       0.00     116.43      -0.26     -68.93      19.05      -5.41    1578.08   -2589.59    1650.80       0.00
    4350   -7176.41    -212.17       0.00       0.00     118.83      -0.20     -68.71      12.91      -4.42    1603.14   -2586.87    1648.87       0.00
    4375   -7188.23    -204.26       0.00       0.00     122.46      -0.23     -68.49      15.13      -5.44    1599.65   -2571.72    1637.39       0.00
    4400   -7180.66    -208.13       0.01       0.00     126.87      -0.24     -67.73      14.99      -4.78    1592.02   -2591.01    1652.95       0.00
    4425   -7188.91    -203.67       0.00       0.00     114.53      -0.16     -67.32      13.69      -4.49    1614.39   -2584.95    1647.96       0.00
    4450   -7200.69    -186.48       0.03       0.00     118.10      -0.22     -67.79      15.72      -4.95    1602.56   -2578.73    1642.60       0.00
    4475   -7208.48    -204.16       0.00       0.00     127.47      -0.18     -69.66      13.84      -4.53    1627.14   -2632.70    1687.86       0.00
    4500   -7154.47    -224.96       0.00       0.00     119.56      -0.24     -69.61      15.11      -4.80    1595.88   -2568.71    1633.04       0.00
    4525   -7147.20    -222.46       0.00       0.00     118.76      -0.26     -69.44      13.62      -4.58    1584.81   -2545.91    1613.52       0.00
    4550   -7190.38    -205.24       0.02       0.00     127.63      -0.18     -69.42      13.56      -4.42    1613.08   -2580.63    1643.37       0.00
    4575   -7202.73    -191.85       0.03       0.00     117.68      -0.21     -69.11      17.50      -5.05    1612.19   -2535.86    1605.32       0.00
    4600   -7202.37    -181.10       0.00       0.00     105.35      -0.14     -68.22      13.62      -4.96    1612.63   -2527.19    1597.88       0.00
    4625   -7201.93    -190.16       0.03       0.00     113.38      -0.15     -67.36      15.44      -4.42    1615.48   -2537.78    1606.32       0.00
    4650   -7183.61    -205.77       0.04       0.00     113.06      -0.17     -69.02      15.37      -4.53    1606.21   -2539.57    1607.52       0.00
    4675   -7175.26    -207.11       0.00       0.00     108.50      -0.17     -70.99      13.74      -4.31    1598.52   -2549.38    1616.77       0.00
    4700   -7197.19    -193.77       0.00       0.00     118.13      -0.14     -69.96      14.75      -4.36    1607.45   -2560.34    1627.45       0.00
    4725   -7177.58    -208.29       0.01       0.00     113.45      -0.21     -69.57      16.19      -5.19    1600.52   -2526.61    1598.36       0.00
    4750   -7197.03    -210.08       0.00       0.00     121.15      -0.18     -69.22      16.16      -4.42    1617.34   -2530.02    1601.06       0.00
    4775   -7195.81    -205.80       0.00       0.00     125.42      -0.18     -69.27      12.51      -4.62    1617.90   -2541.39    1610.73       0.00
    4800   -7184.53    -201.90       0.02       0.00     116.30      -0.20     -67.79      15.15      -5.07    1598.88   -2529.55    1600.58       0.00
    4825   -7194.10    -206.61       0.00       0.00     124.51      -0.18     -69.86      15.71      -4.61    1619.21   -2559.97    1626.07       0.00
    4850   -7197.30    -207.11       0.00       0.00     116.65      -0.17     -71.75      13.10      -4.71    1624.04   -2569.16    1633.68       0.00
    4875   -7174.02    -209.62       0.02       0.00     116.65      -0.22     -71.98      16.85      -4.93    1590.04   -2547.71    1614.50       0.00
    4900   -7177.47    -211.07       0.00       0.00     117.05      -0.19     -73.04      12.88      -4.39    1604.52   -2566.23    1629.70       0.00
    4925   -7186.33    -208.34       0.00       0.00     114.56      -0.22     -72.34      15.77      -4.98    1613.37   -2555.93    1621.55       0.00
    4950   -7201.92    -195.75       0.02       0.00     114.09      -0.22     -73.29      14.10      -4.82    1619.27   -2562.20    1627.02       0.00
    4975   -7180.04    -198.90       0.00       0.00     110.93      -0.14     -72.83      15.87      -4.76    1599.64   -2572.21    1635.16       0.00
    5000   -7186.32    -217.72       0.00       0.00     116.51      -0.21     -72.39      12.85      -4.23    1623.28   -2569.41    1633.65       0.00
    5025   -7194.96    -200.19       0.01       0.00     115.61      -0.17     -75.49      14.92      -4.88    1616.40   -2565.19    1630.69       0.00
    5050   -7172.40    -201.42       0.00       0.00     106.68      -0.19     -75.72      14.81      -4.75    1600.75   -2554.33    1620.78       0.00
    5075   -7217.12    -195.62       0.02       0.00     111.89      -0.17     -76.88      15.77      -5.01    1630.74   -2572.63    1637.48       0.00
    5100   -7169.89    -206.86       0.01       0.00     120.33      -0.25     -78.44       9.46      -4.01    1591.49   -2557.93    1625.14       0.00
    5125   -7177.69    -208.99       0.00       0.00     114.88      -0.23     -78.32      15.17      -5.28    1602.25   -2560.17    1626.55       0.00
    5150   -7182.27    -217.54       0.00       0.00     117.26      -0.25     -78.40      10.35      -4.45    1620.68   -2557.96    1625.68       0.00
    5175   -7172.42    -198.82       0.01       0.00     113.30      -0.22     -76.99      14.57      -4.83    1590.69   -2561.47    1628.66       0.00
    5200   -7217.63    -195.20       0.01       0.00     114.33      -0.20     -75.57      11.78      -5.30    1642.54   -2597.59    1658.29       0.00
    5225   -7164.30    -217.44       0.00       0.00     116.51      -0.22     -76.26      15.56      -4.58    1600.45   -2592.17    1653.28       0.00
    5250   -7184.16    -200.34       0.03       0.00     120.55      -0.28     -78.25      14.37      -4.99    1601.23   -2624.41    1680.53       0.00
    5275   -7187.67    -202.78       0.00       0.00     112.86      -0.23     -77.64      13.61      -5.01    1611.39   -2616.50    1673.55       0.00
    5300   -7181.50    -203.70       0.00       0.00     108.64      -0.19     -76.26      15.89      -4.63    1598.64   -2599.77    1659.66       0.00
    5325   -7193.51    -211.43       0.03       0.00     120.91      -0.30     -74.25      10.83      -5.01    1616.81   -2616.38    1673.37       0.00
    5350   -7178.33    -202.33       0.00       0.00     112.13      -0.20     -73.47      14.32      -4.64    1600.75   -2605.75    1664.53       0.00
    5375   -7213.00    -192.43       0.03       0.00     113.55      -0.20     -72.46      14.62      -5.04    1624.21   -2614.11    1672.24       0.00
    5400   -7199.68    -206.16       0.00       0.00     115.87      -0.30     -69.82      13.34      -4.83    1627.34   -2599.32    1659.03       0.00
    5425   -7175.46    -217.64       0.00       0.00     111.99      -0.23     -70.97      13.35      -4.65    1614.29   -2594.52    1654.23       0.00
    5450   -7199.32    -195.66       0.01       0.00     113.50      -0.27     -69.81      13.16      -5.03    1611.15   -2598.69    1658.39       0.00
    5475   -7231.04    -176.62       0.04       0.00     121.30      -0.25     -67.75      17.99      -5.34    1616.56   -2628.96    1685.82       0.00
    5500   -7176.67    -203.11       0.01       0.00     117.51      -0.20     -67.78      11.75      -4.54    1587.97   -2630.67    1686.36       0.00
    5525   -7170.67    -223.08       0.00       0.00     119.09      -0.27     -68.97      11.22      -4.94    1607.03   -2602.66    1662.62       0.00
    5550   -7205.02    -200.74       0.02       0.00     117.56      -0.23     -70.93      13.51      -4.94    1625.07   -2599.57    1660.77       0.00
    5575   -7190.52    -193.70       0.00       0.00     115.72      -0.21     -69.18      13.05      -4.94    1612.28   -2589.00    1651.35       0.00
    5600   -7179.13    -219.98       0.00       0.00     124.42      -0.29     -67.53      10.32      -4.38    1615.47   -2603.81    1664.04       0.00
    5625   -7205.64    -197.79       0.00       0.00     117.86      -0.26     -65.38      18.21      -5.33    1611.43   -2616.69    1674.57       0.00
    5650   -7204.62    -182.91       0.03       0.00     128.01      -0.24     -66.03      13.07      -4.91    1597.99   -2643.37    1697.88       0.00
    5675   -7225.09    -189.25       0.01       0.00     125.84      -0.25     -69.02      18.37      -5.54    1620.27   -2636.72    1693.28       0.00
    5700   -7203.10    -198.51       0.00       0.00     113.55      -0.23     -69.98      11.60      -4.86    1618.53   -2607.89    1668.30       0.00
    5725   -7221.55    -186.48       0.06       0.00     124.94      -0.24     -72.91      15.62      -5.80    1619.47   -2642.82    1697.36       0.00
    5750   -7194.64    -193.91       0.00       0.00     123.94      -0.26     -73.32      10.93      -4.67    1603.32   -2620.69    1678.74       0.00
    5775   -7200.38    -203.96       0.01       0.00     117.68      -0.25     -74.30      13.01      -5.74    1623.16   -2609.00    1668.42       0.00
    5800   -7206.68    -190.42       0.02       0.00     123.92      -0.22     -76.90      11.27      -4.79    1613.06   -2641.71    1696.28       0.00
    5825   -7202.59    -187.20       0.01       0.00     119.19      -0.24     -77.18      16.45      -5.18    1604.54   -2621.83    1679.01       0.00
    5850   -7228.95    -195.96       0.01       0.00     115.06      -0.23     -75.82      12.60      -5.08    1651.11   -2640.50    1693.92       0.00
    5875   -7170.83    -195.50       0.01       0.00     116.14      -0.25     -73.85      13.25      -4.96    1589.92   -2618.75    1674.73       0.00
    5900   -7216.77    -190.23       0.03       0.00     115.37      -0.23     -74.34      13.43      -5.13    1629.30   -2653.67    1704.70       0.00
    5925   -7200.78    -192.93       0.04       0.00     114.18      -0.21     -75.46      11.94      -5.00    1616.06   -2652.64    1703.86       0.00
    5950   -7192.98    -197.49       0.02       0.00     117.03      -0.25     -76.84      14.00      -4.76    1610.76   -2647.71    1701.58       0.00
    5975   -7225.62    -198.02       0.04       0.00     117.74      -0.19     -76.04      14.25      -4.97    1650.28   -2662.86    1715.22       0.00
    6000   -7184.75    -207.31       0.00       0.00     119.94      -0.22     -75.43      18.87      -5.21    1603.56   -2638.17    1693.39       0.00
    6025   -7201.06    -206.63       0.00       0.00     123.63      -0.27     -77.16      13.52      -4.85    1621.54   -2690.23    1737.96       0.00
    6050   -7178.66    -204.71       0.00       0.00     113.16      -0.22     -75.11      15.44      -5.09    1597.55   -2649.36    1702.91       0.00
    6075   -7210.36    -198.79       0.00       0.00     116.58      -0.21     -75.34      16.27      -4.95    1628.23   -2658.24    1710.40       0.00
    6100   -7197.78    -209.64       0.02       0.00     117.24      -0.27     -74.62      11.41      -4.94    1628.14   -2668.26    1718.79       0.00
    6125   -7146.51    -217.01       0.00       0.00     116.06      -0.22     -75.34      13.34      -4.43    1585.26   -2607.22    1666.47       0.00
    6150   -7238.06    -187.36       0.01       0.00     121.50      -0.19     -74.42      13.20      -4.86    1648.14   -2679.01    1728.54       0.00
    6175   -7205.45    -197.94       0.01       0.00     124.67      -0.25     -73.06      14.72      -5.16    1616.13   -2674.33    1725.55       0.00
    6200   -7191.56    -198.33       0.00       0.00     113.06      -0.16     -75.26      13.94      -4.54    1605.60   -2650.06    1704.31       0.00
    6225   -7216.16    -197.43       0.00       0.00     112.96      -0.20     -76.64      14.15      -4.59    1631.06   -2657.96    1710.38       0.00
    6250   -7203.45    -188.94       0.04       0.00     116.47      -0.24     -75.50      15.75      -5.08    1607.19   -2631.63    1688.29       0.00
    6275   -7205.31    -204.02       0.00       0.00     117.68      -0.20     -76.05      13.82      -4.41    1629.26   -2643.85    1698.42       0.00
    6300   -7198.30    -196.20       0.00       0.00     117.54      -0.23     -74.56      16.03      -5.16    1610.12   -2641.50    1695.88       0.00
    6325   -7215.42    -186.39       0.00       0.00     111.47      -0.15     -74.91      14.45      -4.86    1617.56   -2646.56    1700.79       0.00
    6350   -7193.56    -194.82       0.00       0.00     119.09      -0.18     -77.54      14.06      -3.97    1607.30   -2644.80    1698.88       0.00
    6375   -7205.12    -195.22       0.01       0.00     115.44      -0.19     -77.54      16.55      -5.08    1615.54   -2645.07    1698.72       0.00
    6400   -7193.27    -207.04       0.00       0.00     116.16      -0.18     -75.99      15.16      -4.79    1614.31   -2634.99    1689.63       0.00
    6425   -7185.13    -212.46       0.02       0.00     114.80      -0.24     -76.83      15.64      -4.84    1619.31   -2623.50    1678.84       0.00
    6450   -7191.29    -202.51       0.00       0.00     110.67      -0.17     -76.35      14.26      -4.43    1620.48   -2619.07    1675.34       0.00
    6475   -7201.25    -200.84       0.01       0.00     120.82      -0.21     -74.22      14.94      -4.74    1616.94   -2652.83    1703.95       0.00
    6500   -7192.89    -205.23       0.00       0.00     124.25      -0.22     -75.85      13.40      -4.75    1607.29   -2672.47    1721.50       0.00
    6525   -7201.39    -200.95       0.00       0.00     113.35      -0.16     -74.36      12.52      -4.94    1615.21   -2634.91    1690.03       0.00
    6550   -7206.36    -201.48       0.01       0.00     114.60      -0.24     -75.22      17.24      -5.08    1619.07   -2625.04    1681.32       0.00
    6575   -7206.60    -198.75       0.00       0.00     113.01      -0.18     -75.39      14.33      -4.58    1623.39   -2638.11    1692.57       0.00
    6600   -7194.25    -197.60       0.00       0.00     108.03      -0.17     -71.69      14.35      -4.37    1609.52   -2621.06    1677.53       0.00
    6625   -7220.07    -188.60       0.02       0.00     112.76      -0.20     -71.52      18.79      -4.82    1624.49   -2677.46    1725.18       0.00
    6650   -7191.71    -197.21       0.00       0.00     110.47      -0.20     -71.10      12.86      -4.64    1605.59   -2641.36    1694.28       0.00
    6675   -7218.75    -188.27       0.01       0.00     104.50      -0.15     -70.21      11.60      -4.87    1628.54   -2636.00    1690.74       0.00
    6700   -7192.37    -198.97       0.06       0.00     111.27      -0.23     -72.12      13.65      -4.78    1614.89   -2645.78    1698.25       0.00
    6725   -7175.97    -209.79       0.00       0.00     106.06      -0.20     -71.60      13.83      -4.74    1608.53   -2609.41    1667.29       0.00
    6750   -7230.50    -189.77       0.04       0.00     106.67      -0.18     -69.02      12.98      -4.96    1644.51   -2650.94    1703.28       0.00
    6775   -7191.25    -199.01       0.03       0.00     118.60      -0.26     -69.46      16.93      -5.28    1604.95   -2677.05    1724.66       0.00
    6800   -7172.41    -207.45       0.01       0.00     113.25      -0.23     -67.96      13.08      -5.25    1597.82   -2655.68    1706.62       0.00
    6825   -7244.14    -188.99       0.01       0.00     114.46      -0.21     -67.87      13.12      -5.12    1653.69   -2709.74    1753.64       0.00
    6850   -7177.97    -184.37       0.07       0.00     108.70      -0.23     -67.98      14.02      -5.37    1580.37   -2657.33    1709.31       0.00
    6875   -7212.49    -200.68       0.03       0.00     108.87      -0.23     -68.22      11.61      -5.24    1637.81   -2657.86    1709.13       0.00
    6900   -7214.96    -196.06       0.00       0.00     113.05      -0.25     -70.58      16.93      -5.26    1631.07   -2691.48    1738.02       0.00
    6925   -7174.88    -183.81       0.11       0.00     117.02      -0.23     -70.70      13.24      -5.62    1572.99   -2681.76    1730.27       0.00
    6950   -7244.63    -196.43       0.00       0.00     116.49      -0.24     -74.56      11.94      -4.88    1666.87   -2727.76    1769.20       0.00
    6975   -7176.53    -195.10       0.01       0.00     115.31      -0.22     -74.88      14.19      -5.18    1600.16   -2673.23    1722.75       0.00
    7000   -7214.80    -189.26       0.02       0.00     114.55      -0.26     -73.97      12.83      -5.32    1630.24   -2684.62    1732.88       0.00
    7025   -7212.93    -197.46       0.06       0.00     110.35      -0.26     -75.04      12.51      -5.24    1639.73   -2688.18    1734.85       0.00
    7050   -7165.92    -196.21       0.01       0.00     105.96      -0.24     -76.27      14.21      -5.42    1590.95   -2631.09    1686.09       0.00
    7075   -7257.78    -188.51       0.05       0.00     110.48      -0.22     -79.96      12.88      -5.36    1685.33   -2701.62    1745.96       0.00
    7100   -7168.94    -203.11       0.01       0.00     107.85      -0.26     -78.14      12.87      -4.96    1601.93   -2636.80    1690.28       0.00
    7125   -7225.44    -189.43       0.04       0.00     112.06      -0.23     -78.65      14.15      -5.09    1642.70   -2695.15    1740.03       0.00
    7150   -7214.24    -188.39       0.03       0.00     114.20      -0.25     -76.66      10.60      -4.54    1629.88   -2698.81    1741.71       0.00
    7175   -7174.03    -182.42       0.04       0.00     114.70      -0.30     -75.00      17.25      -5.44    1568.44   -2671.58    1718.71       0.00
    7200   -7222.31    -172.75       0.07       0.00     112.56      -0.24     -75.47      12.12      -4.65    1613.87   -2699.52    1743.68       0.00
    7225   -7207.96    -174.80       0.03       0.00     107.56      -0.20     -74.93      16.14      -5.51    1598.92   -2649.76    1701.37       0.00
    7250   -7195.16    -195.51       0.02       0.00     115.81      -0.27     -76.10      10.01      -4.52    1615.39   -2686.05    1732.44       0.00
    7275   -7214.34    -192.29       0.02       0.00     109.56      -0.26     -75.58      15.22      -5.54    1627.62   -2642.41    1695.37       0.00
    7300   -7154.33    -196.54       0.01       0.00     105.82      -0.23     -73.75      10.22      -4.17    1573.27   -2616.16    1672.71       0.00
    7325   -7249.05    -170.59       0.06       0.00     114.54      -0.23     -75.05      17.29      -5.35    1638.87   -2685.04    1733.05       0.00
    7350   -7200.73    -180.65       0.02       0.00     109.00      -0.24     -75.31      10.96      -4.69    1601.41   -2644.97    1698.87       0.00
    7375   -7191.18    -184.75       0.10       0.00     118.32      -0.23     -75.75      14.69      -4.98    1586.33   -2681.83    1728.99       0.00
    7400   -7184.63    -183.24       0.02       0.00     122.58      -0.25     -78.37      11.09      -4.75    1578.62   -2699.91    1744.72       0.00
    7425   -7216.80    -177.25       0.02       0.00     110.92      -0.17     -79.10      13.12      -5.20    1612.91   -2640.03    1694.65       0.00
    7450   -7203.79    -201.12       0.01       0.00     120.84      -0.24     -79.47      10.33      -4.55    1625.66   -2669.38    1719.73       0.00
    7475   -7170.64    -210.22       0.00       0.00     121.96      -0.23     -79.52      12.83      -4.84    1596.81   -2653.98    1706.07       0.00
    7500   -7177.38    -193.95       0.00       0.00     116.36      -0.25     -78.46      14.03      -4.91    1581.02   -2633.80    1688.47       0.00
    7525   -7255.30    -177.95       0.03       0.00     121.40      -0.19     -79.45      13.44      -5.00    1648.07   -2681.59    1729.86       0.00
    7550   -7195.70    -179.28       0.09       0.00     105.80      -0.18     -79.00      14.39      -4.62    1593.38   -2631.92    1686.47       0.00
    7575   -7187.97    -195.67       0.01       0.00     112.55      -0.26     -80.50      13.44      -4.83    1604.16   -2630.56    1685.30       0.00
    7600   -7217.40    -202.78       0.01       0.00     120.58      -0.24     -79.53      13.82      -5.11    1631.59   -2665.20    1714.47       0.00
    7625   -7152.72    -199.29       0.00       0.00     109.78      -0.22     -80.15      13.07      -4.38    1565.15   -2616.08    1673.17       0.00
    7650   -7219.02    -184.01       0.07       0.00     119.92      -0.23     -79.69      13.83      -5.00    1615.44   -2673.28    1722.33       0.00
    7675   -7190.06    -201.22       0.00       0.00     117.19      -0.23     -77.87      12.74      -4.63    1603.85   -2648.54    1701.21       0.00
    7700   -7173.54    -202.90       0.01       0.00     113.06      -0.26     -78.94      16.69      -4.92    1582.67   -2607.95    1665.89       0.00
    7725   -7171.35    -198.32       0.03       0.00     123.06      -0.24     -80.54      10.85      -4.79    1580.93   -2661.58    1710.79       0.00
    7750   -7200.31    -199.68       0.01       0.00     118.96      -0.24     -79.36      14.58      -4.96    1606.48   -2672.62    1721.93       0.00
    7775   -7223.51    -170.15       0.18       0.00     118.17      -0.20     -80.39      12.92      -5.43    1607.04   -2682.69    1729.57       0.00
    7800   -7186.82    -180.22       0.04       0.00     123.31      -0.19     -78.92      13.96      -5.03    1577.40   -2657.79    1707.16       0.00
    7825   -7237.16    -178.84       0.03       0.00     120.20      -0.17     -81.76      16.09      -4.85    1628.12   -2685.92    1732.16       0.00
    7850   -7213.91    -168.63       0.19       0.00     119.47      -0.24     -81.18      13.84      -5.33    1593.70   -2662.25    1712.11       0.00
    7875   -7213.90    -171.71       0.07       0.00     119.93      -0.20     -79.52      14.67      -5.20    1597.55   -2662.22    1711.00       0.00
    7900   -7243.35    -170.29       0.05       0.00     121.41      -0.18     -79.42      15.74      -5.15    1619.76   -2655.18    1705.74       0.00
    7925   -7181.73    -180.68       0.03       0.00     114.06      -0.23     -78.47      14.40      -5.17    1562.16   -2633.53    1686.63       0.00
    7950   -7219.26    -171.10       0.06       0.00     110.05      -0.15     -80.90      12.88      -4.84    1600.94   -2653.55    1704.43       0.00
    7975   -7210.33    -185.24       0.03       0.00     113.99      -0.27     -78.86      15.87      -5.22    1604.97   -2619.48    1676.03       0.00
    8000   -7195.64    -193.98       0.03       0.00     121.02      -0.27     -78.86      12.73      -4.75    1602.46   -2646.41    1697.76       0.00
    8025   -7177.59    -199.60       0.00       0.00     114.26      -0.22     -79.57      17.60      -4.89    1589.04   -2616.92    1672.45       0.00
    8050   -7232.68    -175.68       0.07       0.00     117.88      -0.20     -78.11      15.57      -4.91    1621.23   -2645.80    1697.97       0.00
    8075   -7206.99    -176.45       0.05       0.00     122.70      -0.22     -78.51      15.62      -4.81    1598.58   -2641.01    1693.59       0.00
    8100   -7188.21    -189.78       0.03       0.00     112.91      -0.20     -77.51      16.78      -4.95    1591.70   -2612.93    1670.02       0.00
    8125   -7240.98    -194.62       0.02       0.00     119.93      -0.25     -80.07      16.64      -5.19    1652.46   -2631.61    1686.43       0.00
    8150   -7198.99    -186.31       0.01       0.00     112.35      -0.19     -81.29      15.99      -5.08    1606.57   -2622.15    1677.36       0.00
    8175   -7170.57    -183.44       0.03       0.00     107.17      -0.21     -78.40      17.43      -5.00    1577.08   -2578.50    1639.79       0.00
    8200   -7240.94    -180.98       0.07       0.00     113.33      -0.21     -77.22      15.44      -5.39    1636.61   -2617.92    1674.01       0.00
    8225   -7206.15    -183.70       0.01       0.00     121.18      -0.23     -77.53      16.00      -4.63    1593.42   -2646.35    1698.31       0.00
    8250   -7196.09    -169.37       0.15       0.00     117.97      -0.23     -76.95      16.20      -5.54    1568.10   -2632.11    1685.37       0.00
    8275   -7229.02    -184.43       0.01       0.00     117.57      -0.20     -76.73      13.39      -4.91    1626.21   -2621.10    1675.82       0.00
    8300   -7189.13    -190.24       0.02       0.00     113.61      -0.19     -73.11      14.68      -5.00    1587.92   -2628.31    1681.71       0.00
    8325   -7206.66    -175.33       0.08       0.00     115.67      -0.26     -73.71      16.98      -5.47    1590.23   -2646.45    1697.54       0.00
    8350   -7229.85    -183.15       0.02       0.00     123.25      -0.21     -75.44      15.80      -5.03    1616.91   -2633.67    1687.22       0.00
    8375   -7186.62    -196.82       0.01       0.00     117.07      -0.22     -75.01      13.92      -5.00    1592.43   -2612.11    1668.67       0.00
    8400   -7212.90    -192.04       0.07       0.00     114.39      -0.26     -73.32      15.68      -5.13    1614.70   -2626.54    1680.99       0.00
    8425   -7193.58    -194.61       0.00       0.00     114.84      -0.19     -71.33      16.26      -4.62    1589.02   -2627.10    1681.69       0.00
    8450   -7199.30    -193.34       0.03       0.00     118.87      -0.24     -70.61      15.83      -5.34    1594.17   -2654.16    1705.33       0.00
    8475   -7229.91    -182.63       0.05       0.00     124.95      -0.24     -68.84      17.21      -5.18    1612.26   -2651.07    1703.34       0.00
    8500   -7201.51    -191.42       0.00       0.00     113.65      -0.20     -67.99      15.69      -5.04    1597.60   -2636.84    1690.61       0.00
    8525   -7222.95    -179.63       0.01       0.00     115.25      -0.22     -64.77      15.12      -5.08    1602.50   -2663.77    1713.31       0.00
    8550   -7232.78    -160.30       0.05       0.00     127.01      -0.23     -63.40      16.74      -5.35    1581.84   -2670.66    1719.68       0.00
    8575   -7220.67    -167.14       0.03       0.00     121.45      -0.22     -64.07      14.07      -4.90    1586.67   -2678.95    1727.01       0.00
    8600   -7243.60    -175.38       0.01       0.00     118.18      -0.24     -64.77      17.29      -5.19    1621.14   -2690.54    1736.76       0.00
    8625   -7224.57    -172.34       0.01       0.00     109.61      -0.21     -64.61      16.05      -5.53    1599.74   -2661.86    1711.68       0.00
    8650   -7194.13    -172.98       0.05       0.00     121.98      -0.24     -66.04      15.15      -4.92    1567.20   -2712.71    1755.31       0.00
    8675   -7227.30    -174.66       0.01       0.00     122.82      -0.22     -67.95      15.17      -4.61    1596.09   -2720.02    1761.00       0.00
    8700   -7215.26    -167.66       0.06       0.00     107.65      -0.21     -69.09      16.57      -5.11    1592.59   -2626.82    1680.16       0.00
    8725   -7229.52    -175.08       0.07       0.00     112.95      -0.23     -70.53      17.33      -4.91    1614.00   -2647.05    1698.15       0.00
    8750   -7197.15    -190.91       0.00       0.00     115.65      -0.26     -68.54      16.98      -4.76    1592.42   -2640.57    1692.41       0.00
    8775   -7228.06    -174.13       0.02       0.00     122.82      -0.22     -68.61      16.88      -5.00    1606.84   -2661.99    1709.94       0.00
    8800   -7215.92    -172.98       0.02       0.00     118.74      -0.18     -69.48      16.65      -4.67    1594.40   -2686.42    1731.65       0.00
    8825   -7204.12    -191.30       0.00       0.00     119.93      -0.29     -69.66      16.64      -4.87    1599.93   -2667.87    1714.69       0.00
    8850   -7191.18    -185.93       0.05       0.00     118.60      -0.24     -68.50      15.90      -4.91    1584.70   -2637.06    1687.58       0.00
    8875   -7207.12    -171.34       0.04       0.00     123.90      -0.27     -68.73      15.63      -4.75    1582.03   -2669.52    1716.53       0.00
    8900   -7256.06    -162.07       0.06       0.00     127.24      -0.21     -68.16      15.10      -5.42    1622.11   -2682.14    1728.61       0.00
    8925   -7201.26    -181.62       0.00       0.00     117.57      -0.23     -69.77      12.71      -5.00    1593.94   -2634.22    1687.69       0.00
    8950   -7227.21    -172.64       0.05       0.00     128.38      -0.24     -69.78      16.37      -5.29    1600.76   -2665.99    1715.16       0.00
    8975   -7202.85    -169.80       0.02       0.00     115.71      -0.20     -70.55      13.56      -4.79    1576.82   -2664.44    1713.89       0.00
    9000   -7236.74    -150.80       0.06       0.00     109.93      -0.18     -72.07      14.70      -5.40    1599.07   -2670.27    1718.11       0.00
    9025   -7199.28    -177.47       0.02       0.00     115.09      -0.21     -71.06      14.11      -4.65    1583.44   -2651.74    1702.58       0.00
    9050   -7190.18    -202.08       0.00       0.00     121.04      -0.20     -73.30      15.15      -4.55    1602.95   -2654.52    1705.16       0.00
    9075   -7179.36    -205.46       0.00       0.00     116.84      -0.20     -72.91      16.60      -4.96    1592.47   -2629.83    1683.84       0.00
    9100   -7172.38    -197.24       0.05       0.00     122.50      -0.24     -74.14      12.89      -4.29    1577.70   -2639.31    1692.10       0.00
    9125   -7195.74    -189.79       0.06       0.00     118.83      -0.19     -74.35      15.85      -4.57    1595.19   -2633.58    1687.44       0.00
    9150   -7175.99    -178.64       0.03       0.00     108.25      -0.18     -74.37      14.89      -4.70    1570.72   -2605.76    1664.09       0.00
    9175   -7228.28    -173.95       0.02       0.00     120.48      -0.18     -75.10      16.44      -4.70    1614.87   -2677.07    1726.04       0.00
    9200   -7200.48    -182.02       0.00       0.00     118.78      -0.16     -77.23      15.42      -4.79    1590.24   -2668.74    1717.68       0.00
    9225   -7196.36    -174.32       0.02       0.00     111.25      -0.15     -77.52      14.67      -4.87    1584.24   -2619.37    1674.84       0.00
    9250   -7218.32    -179.25       0.04       0.00     121.77      -0.21     -79.07      15.13      -4.80    1608.52   -2648.29    1700.26       0.00
    9275   -7180.94    -189.11       0.02       0.00     113.07      -0.19     -79.15      14.23      -4.59    1587.31   -2634.53    1687.92       0.00
    9300   -7181.71    -208.31       0.01       0.00     117.36      -0.24     -77.82      13.05      -4.96    1605.07   -2652.38    1702.95       0.00
    9325   -7164.16    -204.08       0.00       0.00     130.95      -0.30     -77.76      12.33      -4.26    1573.66   -2666.09    1714.73       0.00
    9350   -7175.78    -195.71       0.00       0.00     118.78      -0.20     -76.77      16.39      -4.76    1580.76   -2640.54    1693.23       0.00
    9375   -7231.78    -177.79       0.05       0.00     115.09      -0.18     -77.28      12.73      -4.97    1628.09   -2652.44    1704.64       0.00
    9400   -7183.44    -183.38       0.03       0.00     122.54      -0.24     -76.35      16.10      -4.83    1574.44   -2629.68    1684.98       0.00
    9425   -7194.97    -184.92       0.00       0.00     123.41      -0.19     -76.36      17.50      -4.90    1580.89   -2638.11    1691.46       0.00
    9450   -7225.62    -159.92       0.07       0.00     118.34      -0.20     -75.49      14.27      -4.79    1589.15   -2638.91    1692.84       0.00
    9475   -7201.58    -172.61       0.04       0.00     125.23      -0.22     -75.33      13.75      -4.77    1569.85   -2649.67    1701.73       0.00
    9500   -7214.93    -184.64       0.00       0.00     121.04      -0.17     -74.49      12.34      -4.81    1603.22   -2638.15    1692.53       0.00
    9525   -7205.71    -153.18       0.11       0.00     115.39      -0.17     -72.82      12.99      -4.81    1558.98   -2666.46    1716.86       0.00
    9550   -7214.79    -165.69       0.04       0.00     132.31      -0.20     -72.24      12.59      -5.24    1575.64   -2699.92    1745.81       0.00
    9575   -7204.66    -180.59       0.01       0.00     122.58      -0.19     -68.99      12.27      -4.99    1582.87   -2658.63    1709.81       0.00
    9600   -7221.81    -172.74       0.04       0.00     115.01      -0.21     -69.47      13.64      -5.13    1590.89   -2667.26    1717.42       0.00
    9625   -7205.22    -182.27       0.05       0.00     121.52      -0.26     -69.15      13.47      -5.33    1584.83   -2652.49    1705.19       0.00
    9650   -7219.36    -181.22       0.01       0.00     109.08      -0.20     -69.95      14.63      -4.89    1607.06   -2627.90    1684.05       0.00
    9675   -7205.80    -188.19       0.02       0.00     114.63      -0.23     -72.63      13.67      -4.97    1606.23   -2651.51    1704.26       0.00
    9700   -7192.39    -189.42       0.01       0.00     111.86      -0.24     -71.91      17.71      -5.10    1593.25   -2646.89    1700.60       0.00
    9725   -7230.77    -179.41       0.02       0.00     108.34      -0.18     -72.65      16.24      -4.87    1631.00   -2656.72    1709.71       0.00
    9750   -7173.64    -183.51       0.01       0.00     114.19      -0.21     -69.89      15.09      -4.91    1567.15   -2646.93    1700.64       0.00
    9775   -7236.96    -183.58       0.03       0.00     118.66      -0.25     -71.51      18.04      -5.33    1625.34   -2683.32    1732.01       0.00
    9800   -7186.90    -175.65       0.06       0.00     113.48      -0.21     -68.86      13.49      -5.04    1569.96   -2639.33    1695.08       0.00
    9825   -7232.24    -174.36       0.01       0.00     114.92      -0.21     -71.58      14.93      -5.35    1615.53   -2676.33    1726.56       0.00
    9850   -7211.44    -185.37       0.01       0.00     116.57      -0.22     -72.76      16.54      -4.72    1603.66   -2644.18    1698.58       0.00
    9875   -7201.05    -178.51       0.03       0.00     114.91      -0.20     -73.16      14.45      -4.99    1587.36   -2612.06    1671.86       0.00
    9900   -7235.73    -179.72       0.05       0.00     117.03      -0.21     -74.57      16.05      -4.84    1625.91   -2630.31    1686.94       0.00
    9925   -7197.83    -181.26       0.07       0.00     116.88      -0.21     -72.83      16.99      -4.61    1585.79   -2590.16    1652.42       0.00
    9950   -7203.37    -184.68       0.05       0.00     119.42      -0.23     -71.41      13.14      -4.96    1587.34   -2617.17    1675.45       0.00
    9975   -7200.93    -182.48       0.03       0.00     116.69      -0.18     -69.88      15.39      -4.49    1580.53   -2622.26    1679.44       0.00
   10000   -7194.98    -182.88       0.03       0.00     113.70      -0.17     -69.83      14.44      -4.68    1581.16   -2619.63    1677.53       0.00
