  F    Alanine                                                  
   10.0000   10.0000   10.0000
   90.0000   90.0000   90.0000
   1 N     0.68447489768228E+01  0.44130181279189E+01  0.29933276279670E+01
   2 C     0.53542986752495E+01  0.43279299335095E+01  0.32922733648267E+01
   3 C     0.45530715497767E+01  0.30963808060545E+01  0.28209613848991E+01
   4 O     0.38108304864896E+01  0.24751106394475E+01  0.37766523886553E+01
   5 H     0.72494009743629E+01  0.35226921051012E+01  0.33897011670697E+01
   6 H     0.72409502417420E+01  0.53047281768163E+01  0.33724739908580E+01
   7 C     0.50376801554272E+01  0.43718518428432E+01  0.48405669757232E+01
   8 H     0.49312061051034E+01  0.52138298446009E+01  0.27920075997746E+01
   9 O     0.45725317744683E+01  0.27685039151137E+01  0.16944513915195E+01
  10 H     0.32479945319227E+01  0.19164377258995E+01  0.32493919340723E+01
  11 H     0.60387106967017E+01  0.41103233930725E+01  0.53772002692867E+01
  12 H     0.43236125963816E+01  0.35506642247023E+01  0.51985493176431E+01
  13 H     0.46631102978365E+01  0.53625258222279E+01  0.51612718960187E+01
  14 O     0.47915673868452E+01  0.24359677904428E+01  0.89104754010857E+01
  15 H     0.40753854956312E+01  0.30382905210555E+01  0.85545471473447E+01
  16 H     0.47178558330788E+01  0.24200370298723E+01  0.99094140213438E+01
  17 O     0.18637055633355E+01  0.85789147192036E+00  0.26589585473247E+01
  18 H     0.18343400170171E+01  0.11487808704160E+01  0.17591659852965E+01
  19 H     0.22034897110498E+01  0.99485332134460E+01  0.26132093384077E+01
  20 O     0.45717928041301E+01  0.82240411434336E+01  0.91541505388583E+01
  21 H     0.44860566928270E+01  0.76705687928446E+01  0.83464056546561E+01
  22 H     0.54451980277276E+01  0.87268143880441E+01  0.90945736120025E+01
  23 O     0.92147198523791E+01  0.67471045375852E+01  0.84893948589404E+01
  24 H     0.84086320776332E+01  0.62730819695154E+01  0.86810827099242E+01
  25 H     0.89392161021503E+01  0.73964973060548E+01  0.78329752408263E+01
  26 O     0.24435633662028E+00  0.78208057493681E+01  0.32334482397416E+01
  27 H     0.36020323612609E+00  0.85464178333578E+01  0.38907775838032E+01
  28 H     0.98688430915308E+01  0.83185113946438E+01  0.24083538555652E+01
  29 O     0.31097623541138E+01  0.80223005416553E+01  0.27644334487598E+01
  30 H     0.34208419771283E+01  0.74542282816385E+01  0.20648321105346E+01
  31 H     0.21879303157193E+01  0.77334977268121E+01  0.29323439778743E+01
  32 O     0.29555585372482E+01  0.42730315670308E+01  0.83405698646177E+01
  33 H     0.26391497143185E+01  0.44754699271318E+01  0.74191937747738E+01
  34 H     0.21238998844276E+01  0.40789179206828E+01  0.88700044318641E+01
  35 O     0.13153082573075E+01  0.52498386160713E+01  0.60058681384940E+01
  36 H     0.91332488856839E+00  0.60747006252932E+01  0.62720094168535E+01
  37 H     0.62176907976255E+00  0.49086438659235E+01  0.54177202208786E+01
  38 O     0.85333049479998E+01  0.26225135219592E+01  0.27196265493715E+00
  39 H     0.77113915101538E+01  0.32321950093712E+01  0.14180005148595E+00
  40 H     0.84777438175349E+01  0.22469172405500E+01  0.12097527079306E+01
  41 O     0.99260621135350E+01  0.10942291991753E+01  0.54303032721307E+01
  42 H     0.95907072541180E+01  0.22310440977618E+00  0.58754860608760E+01
  43 H     0.96145312399445E+01  0.17515283653442E+01  0.60788575220945E+01
  44 O     0.68693037490781E+01  0.99388374563307E+01  0.92774887083281E+01
  45 H     0.63045903497413E+01  0.64273819086413E+00  0.96281144222253E+01
  46 H     0.73932801192479E+01  0.96853286804597E+01  0.34258561623958E-01
  47 O     0.84557831967382E+01  0.17321696781535E+01  0.76066503544703E+01
  48 H     0.86310972889932E+01  0.21595233328331E+01  0.84451082099736E+01
  49 H     0.76237026218347E+01  0.12072387982680E+01  0.78284532329280E+01
  50 O     0.66600434425338E+01  0.46736652880730E+01  0.98231820361960E+01
  51 H     0.59163719357914E+01  0.41675909085481E+01  0.97009453702319E+01
  52 H     0.65285797687869E+01  0.49844841384556E+01  0.71479766182621E+00
  53 O     0.23813497447248E+01  0.21384740588916E+00  0.99232461404183E+01
  54 H     0.29502738490015E+01  0.90054375736253E+00  0.27643497044039E+00
  55 H     0.31222050399058E+01  0.96465433758149E+01  0.95068711866419E+01
  56 O     0.42712656313288E+00  0.44900841210435E+01  0.97230327188785E+01
  57 H     0.99084103821079E+01  0.52565214268348E+01  0.94830987051848E+01
  58 H     0.98112277149281E+01  0.37491314134574E+01  0.98959253959893E+01
  59 O     0.93529460308020E+01  0.88104919155855E+01  0.75369554111432E+00
  60 H     0.11852969141429E+00  0.93310533947957E+01  0.42942283692705E+00
  61 H     0.92278500729545E+01  0.82008235533889E+01  0.99943860944176E+01
  62 O     0.87965771107694E+01  0.89267789218073E+01  0.66561042855337E+01
  63 H     0.84024604096201E+01  0.81754714907070E+01  0.59831517544649E+01
  64 H     0.81448887178082E+01  0.96111777648815E+01  0.67594596778943E+01
  65 O     0.17183703965531E+01  0.92619118201500E+01  0.70969042699242E+01
  66 H     0.76207441650941E+00  0.91241271448615E+01  0.72270445746693E+01
  67 H     0.20005649393479E+01  0.96826560133771E+01  0.79156123691573E+01
  68 O     0.35605467646661E+01  0.62105091542029E+01  0.64081469349247E+00
  69 H     0.37710501668222E+01  0.69552787294522E+01  0.16825575107206E-01
  70 H     0.31512096939132E+01  0.55411593223084E+01  0.69566082158791E-01
  71 O     0.41897717273923E+01  0.79842241475422E+01  0.65505897431558E+01
  72 H     0.33733055151901E+01  0.84653650625550E+01  0.63544084499632E+01
  73 H     0.47226924108556E+01  0.83774968675234E+01  0.58808243910920E+01
  74 Cl    0.75134557745307E+01  0.71884531645899E+01  0.44726153022288E+01
  75 H     0.89534853689278E+01  0.73112492260301E+01  0.37854067383268E+01
  76 Cl    0.80319103877919E+01  0.15717386437159E+01  0.31936277672596E+01
  77 H     0.89351718732992E+01  0.10606365695247E+01  0.43438987218764E+01

