       1       4       3       2       5       6       1  0.951  0.887  0.893  2.735  1.000 -0.506                                                    
       2       1       4       1       3       7       8       1  0.951  1.036  0.948  0.952  3.897  0.000 -0.009                                     
       3       1       3       2       4       9       1  1.036  1.148  1.770  3.996  0.000  0.594                                                    
       4       3       2       3      10       1  1.148  0.861  2.110  1.929 -0.622                 
       5       2       1       1       1  0.887  1.028  0.000  0.301                                
       6       2       1       1       1  0.893  0.980  0.000  0.290                                
       7       1       4       2      11      12      13       1  0.948  0.930  0.938  0.951  3.767  0.000 -0.262                                     
       8       2       1       2       1  0.952  0.957  0.000  0.156                                
       9       3       1       3       1  1.770  1.892  2.000 -0.562                                
      10       2       1       4       1  0.861  0.979  0.000  0.423                                
      11       2       1       7       1  0.930  0.931  0.000  0.147                                
      12       2       1       7       1  0.938  1.011  0.000  0.205                                
      13       2       1       7       1  0.951  0.951  0.000  0.162                                
      14       3       2      15      16       2  0.838  0.843  1.689  2.000 -0.693                 
      15       2       2      14      32       2  0.838  0.149  0.995  0.000  0.394                 
      16       2       1      14       2  0.843  0.936  0.000  0.353                                
      17       3       2      18      19       3  0.874  0.861  1.804  2.000 -0.668                 
      18       2       1      17       3  0.874  0.924  0.000  0.349                                
      19       2       1      17       3  0.861  0.911  0.000  0.370                                
      20       3       2      21      22       4  0.853  0.839  1.834  2.000 -0.731                 
      21       2       1      20       4  0.853  0.942  0.000  0.383                                
      22       2       1      20       4  0.839  0.918  0.000  0.381                                
      23       3       2      24      25       5  0.871  0.862  1.806  2.000 -0.735                 
      24       2       1      23       5  0.871  0.906  0.000  0.328                                
      25       2       1      23       5  0.862  0.944  0.000  0.358                                
      26       3       3      27      28      75       6  0.856  0.819  0.330  2.045  1.988 -0.718                                                    
      27       2       1      26       6  0.856  0.875  0.000  0.334                                
      28       2       1      26       6  0.819  0.931  0.000  0.389                                
      29       3       2      30      31       7  0.868  0.855  1.739  2.000 -0.672                 
      30       2       1      29       7  0.868  0.952  0.000  0.393                                
      31       2       1      29       7  0.855  0.920  0.000  0.366                                
      32       3       3      15      33      34       2  0.149  0.850  0.843  1.855  2.000 -0.737                                                    
      33       2       1      32       2  0.850  0.891  0.000  0.377                                
      34       2       1      32       2  0.843  0.910  0.000  0.366                                
      35       3       2      36      37       8  0.869  0.861  1.753  2.000 -0.666                 
      36       2       1      35       8  0.869  0.920  0.000  0.335                                
      37       2       1      35       8  0.861  0.912  0.000  0.326                                
      38       3       2      39      40       9  0.824  0.839  1.835  2.000 -0.722                 
      39       2       1      38       9  0.824  0.924  0.000  0.355                                
      40       2       1      38       9  0.839  0.963  0.000  0.383                                
      41       3       3      42      43      77      10  0.814  0.857  0.348  2.019  1.998 -0.660                                                    
      42       2       1      41      10  0.814  0.962  0.000  0.366                                
      43       2       1      41      10  0.857  0.930  0.000  0.384                                
      44       3       2      45      46      11  0.864  0.870  1.825  2.000 -0.730                 
      45       2       1      44      11  0.864  0.904  0.000  0.334                                
      46       2       1      44      11  0.870  0.916  0.000  0.373                                
      47       3       2      48      49      12  0.865  0.840  1.763  2.000 -0.709                 
      48       2       1      47      12  0.865  0.954  0.000  0.383                                
      49       2       1      47      12  0.840  0.894  0.000  0.351                                
      50       3       2      51      52      13  0.889  0.868  1.848  2.000 -0.731                 
      51       2       1      50      13  0.889  0.960  0.000  0.364                                
      52       2       1      50      13  0.868  0.931  0.000  0.349                                
      53       3       2      54      55      14  0.868  0.831  1.733  2.000 -0.708                 
      54       2       1      53      14  0.868  0.915  0.000  0.310                                
      55       2       1      53      14  0.831  0.901  0.000  0.336                                
      56       3       2      57      58      15  0.868  0.851  1.769  2.000 -0.706                 
      57       2       1      56      15  0.868  0.937  0.000  0.387                                
      58       2       1      56      15  0.851  0.979  0.000  0.396                                
      59       3       2      60      61      16  0.857  0.855  1.810  2.000 -0.687                 
      60       2       1      59      16  0.857  0.897  0.000  0.339                                
      61       2       1      59      16  0.855  0.915  0.000  0.348                                
      62       3       2      63      64      17  0.788  0.876  1.864  2.000 -0.737                 
      63       2       1      62      17  0.788  1.009  0.000  0.330                                
      64       2       1      62      17  0.876  0.889  0.000  0.348                                
      65       3       2      66      67      18  0.859  0.866  1.761  2.000 -0.681                 
      66       2       1      65      18  0.859  0.916  0.000  0.361                                
      67       2       1      65      18  0.866  0.916  0.000  0.346                                
      68       3       2      69      70      19  0.841  0.863  1.763  2.000 -0.704                 
      69       2       1      68      19  0.841  0.980  0.000  0.379                                
      70       2       1      68      19  0.863  0.898  0.000  0.363                                
      71       3       2      72      73      20  0.857  0.874  1.807  2.000 -0.693                 
      72       2       1      71      20  0.857  0.954  0.000  0.389                                
      73       2       1      71      20  0.874  0.936  0.000  0.359                                
      74      10       1      75       6  0.628  0.924  3.000 -0.654                                
      75       2       2      26      74       6  0.330  0.628  0.958  0.000  0.281                 
      76      10       1      77      10  0.676  0.925  3.000 -0.606                                
      77       2       2      41      76      10  0.348  0.676  1.024  0.000  0.314                 
