       1      10       1       3       1  0.396  0.885  3.000 -0.611                                
       2       3       3       3      16      17       1  0.617  0.753  0.776  2.147  1.877 -0.651                                                    
       3       2       2       1       2       1  0.396  0.617  1.013  0.000  0.324                 
       4       3       3       5       6      16       1  0.866  0.803  0.249  1.919  2.000 -0.678                                                    
       5       2       1       4       1  0.866  0.878  0.000  0.334                                
       6       2       2       4      10       1  0.803  0.187  1.002  0.000  0.385                 
       7       3       3       8       9      11       1  0.867  0.823  0.149  1.872  2.000 -0.742                                                    
       8       2       1       7       1  0.867  0.883  0.000  0.332                                
       9       2       2       7      21       1  0.823  0.148  0.986  0.000  0.373                 
      10       3       3       6      11      12       1  0.187  0.829  0.816  1.833  2.000 -0.679                                                    
      11       2       2       7      10       1  0.149  0.829  0.985  0.000  0.377                 
      12       2       2      10      20       1  0.816  0.176  0.999  0.000  0.398                 
      13       3       3      14      15      17       1  0.866  0.857  0.216  1.939  2.000 -0.695                                                    
      14       2       1      13       1  0.866  0.900  0.000  0.324                                
      15       2       1      13       1  0.857  0.924  0.000  0.360                                
      16       2       2       2       4       1  0.753  0.249  1.005  0.000  0.381                 
      17       2       2       2      13       1  0.776  0.216  0.995  0.000  0.374                 
      18       2       1      20       1  0.820  0.998  0.000  0.361                                
      19       2       1      21       1  0.811  1.015  0.000  0.338                                
      20       3       3      12      18      22       1  0.176  0.820  0.823  1.819  2.000 -0.610                                                    
      21       3       3       9      19      23       1  0.148  0.811  0.871  1.830  2.000 -0.670                                                    
      22       2       1      20       1  0.823  0.994  0.000  0.348                                
      23       2       1      21       1  0.871  0.888  0.000  0.326                                
