  C  HCl_7H2O                                                   
   1 Cl   -0.11065889989976E+00  0.92556845646324E-01  0.25556810012950E-01
   2 O     0.30174504891501E+00  0.14125756410374E-01  0.30704846563949E+01
   3 H     0.25533408013604E+00  0.28330419182182E-01  0.18117600309131E+01
   4 O    -0.85112679619055E+00  0.23532356313932E+01  0.35897510998981E+01
   5 H    -0.12369011445154E+01  0.21959446699726E+01  0.44638213020556E+01
   6 H    -0.16616235711112E+01  0.23520736890426E+01  0.29244985970035E+01
   7 O    -0.37825161396831E+01 -0.22403365912446E+00  0.16512624310356E+01
   8 H    -0.47353826674274E+01 -0.70313589685525E-01  0.16294012882767E+01
   9 H    -0.35240819798953E+01 -0.45809567184078E+00  0.69029261186508E+00
  10 O    -0.28763383708205E+01  0.23046316130639E+01  0.18524070200302E+01
  11 H    -0.31959119353451E+01  0.13418253232494E+01  0.18237146142382E+01
  12 H    -0.23655401915468E+01  0.24571801437485E+01  0.96907661461701E+00
  13 O    -0.18510623389753E+01 -0.15047324390666E+01  0.35270092705839E+01
  14 H    -0.16221462745885E+01 -0.23282983619952E+01  0.30794468031484E+01
  15 H    -0.25073112887539E+01 -0.11064747566461E+01  0.29236552439657E+01
  16 H    -0.10785471685943E+00  0.10226220673052E+01  0.32949785836096E+01
  17 H    -0.54234911314692E+00 -0.63159479685003E+00  0.32937213815980E+01
  18 H    -0.49884706519121E+00  0.21387774905213E+01  0.12869400601043E-01
  19 H    -0.18772148908688E+01 -0.65432865155094E+00 -0.67297927538704E+00
  20 O    -0.14407606333793E+01  0.23209300593178E+01 -0.37706346492325E+00
  21 O    -0.28978162973076E+01 -0.85777027664362E+00 -0.81558673891607E+00
  22 H    -0.16424792833004E+01  0.13472329442850E+01 -0.65169452526943E+00
  23 H    -0.29375055302446E+01 -0.18103744497350E+01 -0.91949375535174E+00

