  I   HCl_7H2O                                                   
           1 Cl
        1  2 O                        3.07373
     1  2  3 H              5.65971   1.25966
  1  2  3  4 O   55.11850  56.87967   3.12901
  2  3  4  5 H  -32.45756 122.21712   0.96828
  3  5  4  6 H   93.72826 105.34199   1.04855
  4  5  6  7 O  129.88484 115.40631   3.57150
  4  6  7  8 H  134.58727 118.64181   0.96543
  6  8  7  9 H -124.30715 105.34816   1.02227
  7  8  6 10 O  120.67771  38.38912   1.62085
  7  9 10 11 H    5.90596  21.25297   1.01486
  7 11 10 12 H  -52.98688 105.78144   1.03173
 10 11 12 13 O  107.39750  37.07145   4.74389
 10 12 13 14 H  151.24175 119.23994   0.96487
 12 14 13 15 H   41.35302 102.76653   0.97637
 13 14  2 16 H  -19.39847 117.82031   1.11141
 13 15  2 17 H   -0.10146  21.37648   1.08595
  2 16  1 18 H -166.86348  74.76342   2.08276
  2 17  1 19 H -169.49293  98.17348   2.04120
  1 19 18 20 O  177.02015  71.33574   1.03558
 18 20 19 21 O  164.00782 110.14199   1.05041
 19 21 20 22 H   38.78484  15.13167   1.03160
 20 22 21 23 H -151.59569 152.72158   0.95908
