 HCl_7H2O                               
  Iter.    Eatom    Elopa        Ebond      Emol     Eval     Ecoa     Ehb      Etor     Econj    Evdw     Ecoul
     0   -28.959    0.054      -1949.178    0.000   16.825    0.000   -7.649    0.076    0.000      358.915     -787.310      481.917        0.000        0.000
     1   -29.617    0.051      -1947.745    0.000   16.744    0.000   -7.638    0.076    0.000      357.977     -786.184      480.967        0.000        0.000
     2   -29.784    0.051      -1946.898    0.000   16.732    0.000   -7.628    0.076    0.000      357.183     -785.710      480.575        0.000        0.000
     3   -29.451    0.050      -1947.872    0.000   16.814    0.000   -7.616    0.076    0.000      357.695     -786.628      481.373        0.000        0.000
     4   -29.790    0.047      -1947.563    0.000   17.029    0.000   -7.617    0.077    0.000      357.455     -787.321      482.030        0.000        0.000
     5   -30.063    0.043      -1946.759    0.000   16.974    0.000   -7.660    0.078    0.000      356.637     -786.663      481.569        0.000        0.000
     6   -30.492    0.043      -1946.179    0.000   16.962    0.000   -7.712    0.077    0.000      356.456     -786.930      481.877        0.000        0.000
     7   -29.767    0.046      -1948.588    0.000   17.058    0.000   -7.792    0.077    0.000      358.234     -788.645      483.398        0.000        0.000
     8   -29.788    0.048      -1948.483    0.000   17.079    0.000   -7.860    0.076    0.000      358.045     -788.416      483.263        0.000        0.000
     9   -29.905    0.047      -1948.103    0.000   17.032    0.000   -7.889    0.076    0.000      357.647     -787.422      482.442        0.000        0.000
    10   -29.626    0.048      -1947.951    0.000   16.970    0.000   -7.906    0.075    0.000      357.163     -786.922      482.036        0.000        0.000
    11   -29.519    0.049      -1947.225    0.000   16.949    0.000   -7.957    0.074    0.000      356.246     -786.416      481.641        0.000        0.000
    12   -28.693    0.050      -1948.682    0.000   17.048    0.000   -8.008    0.075    0.000      356.934     -787.369      482.458        0.000        0.000
    13   -28.429    0.054      -1949.349    0.000   17.078    0.000   -8.071    0.075    0.000      357.444     -788.337      483.295        0.000        0.000
    14   -28.150    0.055      -1949.614    0.000   16.843    0.000   -8.097    0.076    0.000      357.541     -787.812      482.867        0.000        0.000
    15   -28.237    0.055      -1948.724    0.000   16.760    0.000   -8.099    0.076    0.000      356.644     -786.950      482.145        0.000        0.000
    16   -28.589    0.051      -1948.202    0.000   16.877    0.000   -8.110    0.076    0.000      356.321     -786.894      482.111        0.000        0.000
    17   -28.427    0.050      -1948.809    0.000   16.999    0.000   -8.121    0.076    0.000      356.762     -787.712      482.801        0.000        0.000
