 HCl_7H2O                               
  Iter.          Epot            Max.move      Factor        RMSG       nfc
     0      -1915.3078678393     0.000000     0.500000     0.981908       0
     1      -1915.3689959249     6.453763     4.000893     0.541733       0
     2      -1915.4030782839     6.484879     0.156647     0.575901       0
     3      -1915.5590843414     0.003445     3.936727     0.693355       0
     4      -1915.6527792128     0.010546     2.512197     0.904189       0
     5      -1915.8425979299     0.011367     3.102500     0.968546       0
     6      -1915.8966849975     0.024143     0.904796     0.686657       0
     7      -1915.9780945180     0.019585     1.044040     0.741691       0
     8      -1916.0351324338     0.011539     1.423870     0.683882       0
     9      -1916.0743736008     0.006009     1.119377     0.427282       0
    10      -1916.1123511984     0.003521     3.005599     0.435700       0
    11      -1916.1587031640     0.006177     2.456945     0.508865       0
    12      -1916.1874196306     0.005955     1.406194     0.572384       0
    13      -1916.2411918984     0.009306     1.022391     0.635604       0
    14      -1916.2902389466     0.003990     3.038653     0.737258       0
    15      -1916.3297703747     0.005642     1.396909     0.440875       0
    16      -1916.3586040117     0.003107     2.413170     0.418338       0
    17      -1916.3824313769     0.001982     2.232559     0.240467       0
