  FACTWO
  -1915.3078678  -1915.3454210  -1915.3656467  1.5000  -1915.3695042  0.0000  1.5000  3.0000      4.0009
    1  -1915.3078678393  -1915.3695041534 SHANNO******  Ð;     1    4.000893   0.004000893    0.54173265
  FACTWO
  -1915.3689959  -1914.9521583  -1913.0954417  0.7500  -1915.4008982  0.0000  0.7500  1.5000      0.1579
  delta=delta/three
  two new points
  FACTWO
  FACTO3: RETURN 1
  -1915.3689959  -1915.3893221  -1915.2490775  0.2500  -1915.4005169  0.0000  0.2500  0.5000      0.1566
  accept estimated point
    2  -1915.3689959249  -1915.4005168909 SHANNO******  Ð;     2    0.156647   0.006267271    0.57590117
  FACTWO
  -1915.4030783  -1915.4448091  -1915.4668971  1.5000  -1915.4707273  0.0000  1.5000  3.0000      3.9367
    3  -1915.4030782839  -1915.4707273079 SHANNO******  Ð;     1    3.936727   0.013560891    0.69335472
  FACTWO
  -1915.5590843  -1915.6390690  -1915.6509699  1.5000  -1915.6545700  0.0000  1.5000  3.0000      2.5122
    4  -1915.5590843414  -1915.6545700294 SHANNO******  Ð;     1    2.512197   0.026494439    0.90418933
  FACTWO
  -1915.6527792  -1915.7923996  -1915.8429954  1.5000  -1915.8432032  0.0000  1.5000  3.0000      3.1025
    5  -1915.6527792128  -1915.8432032073 SHANNO******  Ð;     1    3.102500   0.035264846    0.96854644
  FACTWO
  -1915.8425979  -1915.8878741  -1915.4944171  1.5000  -1915.9224138  0.0000  1.5000  3.0000      0.9048
  accept estimated point
    6  -1915.8425979299  -1915.9224138370 SHANNO******  Ð;     1    0.904796   0.021844531    0.68665685
  FACTWO
  -1915.8966850  -1915.9633311  -1915.6899924  1.5000  -1915.9790383  0.0000  1.5000  3.0000      1.0440
  accept estimated point
    7  -1915.8966849975  -1915.9790383158 SHANNO******  Ð;     1    1.044040   0.020447822    0.74169062
  FACTWO
  -1915.9780945  -1916.0392274  -1915.9642817  1.5000  -1916.0394027  0.0000  1.5000  3.0000      1.4239
  accept estimated point
    8  -1915.9780945180  -1916.0394026732 SHANNO******  Ð;     1    1.423870   0.016429895    0.68388197
  FACTWO
  -1916.0351324  -1916.0697292  -1915.9638321  1.5000  -1916.0742523  0.0000  1.5000  3.0000      1.1194
  accept estimated point
    9  -1916.0351324338  -1916.0742522995 SHANNO******  Ð;     1    1.119377   0.006726468    0.42728242
  FACTWO
  -1916.0743736  -1916.1029845  -1916.1125688  1.5000  -1916.1125689  0.0000  1.5000  3.0000      3.0056
   10  -1916.0743736008  -1916.1125689268 SHANNO******  Ð;     1    3.005599   0.010583275    0.43570040
  FACTWO
  -1916.1123512  -1916.1531319  -1916.1580761  1.5000  -1916.1604246  0.0000  1.5000  3.0000      2.4569
   11  -1916.1123511984  -1916.1604246400 SHANNO******  Ð;     1    2.456945   0.015177733    0.50886507
  FACTWO
  -1916.1587032  -1916.1920556  -1916.1491674  1.5000  -1916.1922047  0.0000  1.5000  3.0000      1.4062
  accept estimated point
   12  -1916.1587031640  -1916.1922046786 SHANNO******  Ð;     1    1.406194   0.008373454    0.57238416
  FACTWO
  -1916.1874196  -1916.2277734  -1916.0459075  1.5000  -1916.2390380  0.0000  1.5000  3.0000      1.0224
  accept estimated point
   13  -1916.1874196306  -1916.2390379692 SHANNO******  Ð;     1    1.022391   0.009514027    0.63560408
  FACTWO
  -1916.2411919  -1916.2815026  -1916.2953933  1.5000  -1916.2954021  0.0000  1.5000  3.0000      3.0387
   14  -1916.2411918984  -1916.2954021087 SHANNO******  Ð;     1    3.038653   0.012124976    0.73725844
  FACTWO
  -1916.2902389  -1916.3298360  -1916.2776187  1.5000  -1916.3300529  0.0000  1.5000  3.0000      1.3969
  accept estimated point
   15  -1916.2902389466  -1916.3300528721 SHANNO******  Ð;     1    1.396909   0.007880750    0.44087518
  FACTWO
  -1916.3297704  -1916.3538968  -1916.3562638  1.5000  -1916.3579289  0.0000  1.5000  3.0000      2.4132
   16  -1916.3297703747  -1916.3579289323 SHANNO******  Ð;     1    2.413170   0.007498254    0.41833811
  FACTWO
  -1916.3586040  -1916.3812463  -1916.3809799  1.5000  -1916.3839782  0.0000  1.5000  3.0000      2.2326
  accept estimated point
   17  -1916.3586040117  -1916.3839782223 SHANNO******  Ð;     1    2.232559   0.004424429    0.24046670
