 Lattice parameters:
    80.00000000    80.00000000    80.00000000
    90.00000000    90.00000000    90.00000000
  23 Atom coordinates (Angstrom):
  -0.327030000000000E+00   0.140020000000000E+00   0.184170000000000E+00 Cl   
   0.345180000000000E+00  -0.981000000000000E-02   0.315536000000000E+01 O    
   0.273420000000000E+00   0.137900000000000E-01   0.190250000000000E+01 H    
  -0.818070000000000E+00   0.234606000000000E+01   0.359151000000000E+01 O    
  -0.123248000000000E+01   0.222756000000000E+01   0.445694000000000E+01 H    
  -0.160928000000000E+01   0.231924000000000E+01   0.290410000000000E+01 H    
  -0.378486000000000E+01  -0.240240000000000E+00   0.159949000000000E+01 O    
  -0.473238000000000E+01  -0.754900000000000E-01   0.159748000000000E+01 H    
  -0.355638000000000E+01  -0.501020000000000E+00   0.641320000000000E+00 H    
  -0.282956000000000E+01   0.228819000000000E+01   0.182501000000000E+01 O    
  -0.314504000000000E+01   0.132821000000000E+01   0.176123000000000E+01 H    
  -0.233173000000000E+01   0.249007000000000E+01   0.940170000000000E+00 H    
  -0.183610000000000E+01  -0.150827000000000E+01   0.351049000000000E+01 O    
  -0.160204000000000E+01  -0.232127000000000E+01   0.304196000000000E+01 H    
  -0.245834000000000E+01  -0.108390000000000E+01   0.289411000000000E+01 H    
  -0.703500000000000E-01   0.997210000000000E+00   0.337507000000000E+01 H    
  -0.496810000000000E+00  -0.654830000000000E+00   0.337377000000000E+01 H    
  -0.516900000000000E+00   0.221635000000000E+01   0.204600000000000E-01 H    
  -0.197456000000000E+01  -0.685470000000000E+00  -0.688040000000000E+00 H    
  -0.141934000000000E+01   0.244517000000000E+01  -0.420220000000000E+00 O    
  -0.297037000000000E+01  -0.967690000000000E+00  -0.864600000000000E+00 O    
  -0.166644000000000E+01   0.148349000000000E+01  -0.700070000000000E+00 H    
  -0.294889000000000E+01  -0.192392000000000E+01  -0.905320000000000E+00 H    
 Atom velocities (Angstrom/s):
  -0.100153287050991E+12  -0.722669897211170E+11   0.483471105922992E+11
  -0.258723756680371E+11   0.309492363489354E+11  -0.193260101308339E+12
  -0.690064430248210E+12   0.286974493590720E+12   0.245144572233332E+12
   0.191857275077703E+12  -0.465508899684622E+11  -0.708839828756316E+09
   0.356995988336133E+12  -0.494987595107686E+12  -0.496165581396289E+12
   0.425152083358816E+11   0.262169864200296E+12  -0.740336787230147E+12
  -0.513325551320156E+11  -0.185174475792459E+12  -0.452999349845710E+11
   0.317416868076058E+12   0.169448937506734E+12   0.699408842237161E+12
   0.494816648814488E+12   0.519322223279703E+11  -0.609178682736829E+12
   0.128735943296531E+12  -0.548062095660747E+11   0.139284019569912E+12
   0.582145427641506E+12   0.385481495736980E+12  -0.362146181370685E+12
  -0.649088177454412E+12   0.351689258624482E+12  -0.271363856137792E+12
   0.466874938238477E+11   0.936042703188729E+11   0.167437213036766E+12
  -0.195650001131385E+12  -0.353596342698675E+12   0.674781329504834E+12
   0.472966663458785E+12   0.568381059739920E+12   0.268113120429588E+12
  -0.578197680772871E+12   0.189469700109719E+12   0.498425334277970E+12
  -0.535711217662815E+12  -0.116371964019641E+12   0.564012585339490E+12
  -0.507121742707543E+11  -0.549773413168190E+12  -0.560193367253693E+12
  -0.315968699977859E+12  -0.714808669457153E+12  -0.886086105527937E+11
   0.107163276016867E+12   0.112232585915998E+12  -0.122051549531093E+12
   0.197222357175972E+12   0.825115610750212E+10  -0.345862166809623E+10
  -0.269669286963166E+12   0.737981283097237E+12  -0.360727130644974E+11
  -0.289862919460938E+12  -0.497060410704853E+12   0.536236491850755E+12
 Atom accelerations (Angstrom/s**2):
   0.000000000000000E+00   0.000000000000000E+00   0.000000000000000E+00
   0.000000000000000E+00   0.000000000000000E+00   0.000000000000000E+00
   0.000000000000000E+00   0.000000000000000E+00   0.000000000000000E+00
   0.000000000000000E+00   0.000000000000000E+00   0.000000000000000E+00
   0.000000000000000E+00   0.000000000000000E+00   0.000000000000000E+00
   0.000000000000000E+00   0.000000000000000E+00   0.000000000000000E+00
   0.000000000000000E+00   0.000000000000000E+00   0.000000000000000E+00
   0.000000000000000E+00   0.000000000000000E+00   0.000000000000000E+00
   0.000000000000000E+00   0.000000000000000E+00   0.000000000000000E+00
   0.000000000000000E+00   0.000000000000000E+00   0.000000000000000E+00
   0.000000000000000E+00   0.000000000000000E+00   0.000000000000000E+00
   0.000000000000000E+00   0.000000000000000E+00   0.000000000000000E+00
   0.000000000000000E+00   0.000000000000000E+00   0.000000000000000E+00
   0.000000000000000E+00   0.000000000000000E+00   0.000000000000000E+00
   0.000000000000000E+00   0.000000000000000E+00   0.000000000000000E+00
   0.000000000000000E+00   0.000000000000000E+00   0.000000000000000E+00
   0.000000000000000E+00   0.000000000000000E+00   0.000000000000000E+00
   0.000000000000000E+00   0.000000000000000E+00   0.000000000000000E+00
   0.000000000000000E+00   0.000000000000000E+00   0.000000000000000E+00
   0.000000000000000E+00   0.000000000000000E+00   0.000000000000000E+00
   0.000000000000000E+00   0.000000000000000E+00   0.000000000000000E+00
   0.000000000000000E+00   0.000000000000000E+00   0.000000000000000E+00
   0.000000000000000E+00   0.000000000000000E+00   0.000000000000000E+00
 Previous atom accelerations:
   0.000000000000000E+00   0.000000000000000E+00   0.000000000000000E+00
   0.000000000000000E+00   0.000000000000000E+00   0.000000000000000E+00
   0.000000000000000E+00   0.000000000000000E+00   0.000000000000000E+00
   0.000000000000000E+00   0.000000000000000E+00   0.000000000000000E+00
   0.000000000000000E+00   0.000000000000000E+00   0.000000000000000E+00
   0.000000000000000E+00   0.000000000000000E+00   0.000000000000000E+00
   0.000000000000000E+00   0.000000000000000E+00   0.000000000000000E+00
   0.000000000000000E+00   0.000000000000000E+00   0.000000000000000E+00
   0.000000000000000E+00   0.000000000000000E+00   0.000000000000000E+00
   0.000000000000000E+00   0.000000000000000E+00   0.000000000000000E+00
   0.000000000000000E+00   0.000000000000000E+00   0.000000000000000E+00
   0.000000000000000E+00   0.000000000000000E+00   0.000000000000000E+00
   0.000000000000000E+00   0.000000000000000E+00   0.000000000000000E+00
   0.000000000000000E+00   0.000000000000000E+00   0.000000000000000E+00
   0.000000000000000E+00   0.000000000000000E+00   0.000000000000000E+00
   0.000000000000000E+00   0.000000000000000E+00   0.000000000000000E+00
   0.000000000000000E+00   0.000000000000000E+00   0.000000000000000E+00
   0.000000000000000E+00   0.000000000000000E+00   0.000000000000000E+00
   0.000000000000000E+00   0.000000000000000E+00   0.000000000000000E+00
   0.000000000000000E+00   0.000000000000000E+00   0.000000000000000E+00
   0.000000000000000E+00   0.000000000000000E+00   0.000000000000000E+00
   0.000000000000000E+00   0.000000000000000E+00   0.000000000000000E+00
   0.000000000000000E+00   0.000000000000000E+00   0.000000000000000E+00
 MD-temperature (K):
   0.250000000000000E+00
 Connections, bond orders and lone pairs:
