  23
 HCl_7H2O                                    0    -1915.31  80.00  80.00  80.00  90.00  90.00  90.00
Cl  -0.32703   0.14002   0.18417     1
O    0.34518  -0.00981   3.15536     1
H    0.27342   0.01379   1.90250     1
O   -0.81807   2.34606   3.59151     1
H   -1.23248   2.22756   4.45694     1
H   -1.60928   2.31924   2.90410     1
O   -3.78486  -0.24024   1.59949     2
H   -4.73238  -0.07549   1.59748     2
H   -3.55638  -0.50102   0.64132     2
O   -2.82956   2.28819   1.82501     1
H   -3.14504   1.32821   1.76123     1
H   -2.33173   2.49007   0.94017     1
O   -1.83610  -1.50827   3.51049     1
H   -1.60204  -2.32127   3.04196     1
H   -2.45834  -1.08390   2.89411     1
H   -0.07035   0.99721   3.37507     1
H   -0.49681  -0.65483   3.37377     1
H   -0.51690   2.21635   0.02046     1
H   -1.97456  -0.68547  -0.68804     3
O   -1.41934   2.44517  -0.42022     1
O   -2.97037  -0.96769  -0.86460     3
H   -1.66644   1.48349  -0.70007     1
H   -2.94889  -1.92392  -0.90532     3
  23
 HCl_7H2O                                   17    -1916.38  80.00  80.00  80.00  90.00  90.00  90.00
Cl  -0.11066   0.09256   0.02556     1
O    0.30175   0.01413   3.07048     1
H    0.25533   0.02833   1.81176     1
O   -0.85113   2.35324   3.58975     1
H   -1.23690   2.19594   4.46382     1
H   -1.66162   2.35207   2.92450     1
O   -3.78252  -0.22403   1.65126     1
H   -4.73538  -0.07031   1.62940     1
H   -3.52408  -0.45810   0.69029     1
O   -2.87634   2.30463   1.85241     1
H   -3.19591   1.34183   1.82371     1
H   -2.36554   2.45718   0.96908     1
O   -1.85106  -1.50473   3.52701     1
H   -1.62215  -2.32830   3.07945     1
H   -2.50731  -1.10647   2.92366     1
H   -0.10785   1.02262   3.29498     1
H   -0.54235  -0.63159   3.29372     1
H   -0.49885   2.13878   0.01287     1
H   -1.87721  -0.65433  -0.67298     1
O   -1.44076   2.32093  -0.37706     1
O   -2.89782  -0.85777  -0.81559     1
H   -1.64248   1.34723  -0.65169     1
H   -2.93751  -1.81037  -0.91949     1
