  F    Alanine                                                  
   10.0000   10.0000   10.0000
   90.0000   90.0000   90.0000
   1 N     0.64437820216468E+01  0.47902778193259E+01  0.44163907465413E+01
   2 C     0.50797669784622E+01  0.46924586788914E+01  0.50444211918907E+01
   3 C     0.43586098859651E+01  0.33669883063183E+01  0.46782194734553E+01
   4 O     0.34284410092916E+01  0.29113209872075E+01  0.56182332295403E+01
   5 H     0.65961923951057E+01  0.40338791351792E+01  0.37469789873329E+01
   6 H     0.72040721196168E+01  0.47328569838691E+01  0.51062111012938E+01
   7 C     0.51442515936289E+01  0.47512336411109E+01  0.66332066892371E+01
   8 H     0.45270343626599E+01  0.56048826194663E+01  0.46317177206735E+01
   9 O     0.44644342933793E+01  0.28534959685520E+01  0.36028050030878E+01
  10 H     0.28685351051031E+01  0.23138778821815E+01  0.50279389708719E+01
  11 H     0.57346799371609E+01  0.56736632785353E+01  0.69728219079820E+01
  12 H     0.56500047611004E+01  0.38470223749425E+01  0.70490120981592E+01
  13 H     0.41414545914431E+01  0.48173372736021E+01  0.71058313557402E+01
  14 O     0.39470737008408E+01 -0.32010034883770E+00  0.94904162267201E+00
  15 H     0.40590924080272E+01  0.17878721735811E+00  0.13047957427939E+00
  16 H     0.36216164119326E+01  0.33536713346605E+00  0.15571265750135E+01
  17 O     0.34367233608047E+01  0.93585466961917E+01  0.50799415381649E+01
  18 H     0.29586014839569E+01  0.93005724103083E+01  0.42572864401733E+01
  19 H     0.30300679711022E+01  0.86570557896137E+01  0.55755662318542E+01
  20 O     0.69812264623132E+01  0.85472280133738E+01  0.17940013286325E+01
  21 H     0.61521653854640E+01  0.88862821591751E+01  0.14468335712140E+01
  22 H     0.76692062727593E+01  0.91970346153684E+01  0.14919883099701E+01
  23 O     0.12288254165309E+01  0.84852233107548E+01  0.77387386685634E+01
  24 H     0.78474867243755E+00  0.78069831738107E+01  0.72377368712159E+01
  25 H     0.95751983825920E+00  0.92593650480695E+01  0.72588217639946E+01
  26 O     0.69458015584585E+01  0.87454558622442E+00  0.46278145682756E+01
  27 H     0.73849395921926E+01  0.65915527394682E+00  0.38123462157807E+01
  28 H     0.60727981005684E+01  0.11154544732545E+01  0.43312191208931E+01
  29 O     0.42684929281093E+01  0.59036006673307E+01  0.10669398365114E+01
  30 H     0.41204565204170E+01  0.62657262843573E+01  0.18837424719537E+00
  31 H     0.50720271914088E+01  0.54001158637175E+01  0.97861002092934E+00
  32 O     0.22871315501955E+01  0.30479071139283E+01  0.53582374163823E+00
  33 H     0.18047033304881E+01  0.22303548497057E+01  0.54415838611901E+00
  34 H     0.15702087687177E+01  0.36772324436829E+01  0.56511949152240E+00
  35 O     0.99584805015263E+01  0.43584268335579E+01  0.35094382513189E+01
  36 H     0.96631841086752E+01  0.48596556205154E+01  0.27557802418282E+01
  37 H     0.10032359102708E+02  0.50126131573421E+01  0.41947764743535E+01
  38 O     0.74614627299325E+01  0.19071090329503E+01  0.79232013513008E+01
  39 H     0.74350948915537E+01  0.10146800975939E+01  0.75307507246847E+01
  40 H     0.83927195953648E+01  0.20907564912655E+01  0.80149924198462E+01
  41 O     0.94246126416598E+00  0.19053756396119E+01  0.44961840408566E+01
  42 H     0.55299115073653E+00  0.25303207382288E+01  0.38623086614090E+01
  43 H     0.76215005430448E+00  0.23152248108368E+01  0.53633550631032E+01
  44 O     0.69394866735602E+01  0.92757373929869E+01  0.69940622605890E+01
  45 H     0.69259893946785E+01  0.96689209138377E+01  0.61044099099886E+01
  46 H     0.60566795002714E+01  0.89267759586510E+01  0.71090017207826E+01
  47 O     0.76155640377490E+00  0.35059838882440E+01  0.67808002986473E+01
  48 H     0.60218533643056E+00  0.43880167903630E+01  0.70913908173524E+01
  49 H     0.17135334595082E+01  0.34748586352136E+01  0.67144689353157E+01
  50 O     0.85503817139600E+01  0.67609466710245E+01  0.10366693401179E+02
  51 H     0.84912723650588E+01  0.71131027866827E+01  0.94765863278352E+01
  52 H     0.78703829075920E+01  0.72551005423291E+01  0.10877271143109E+02
  53 O     0.18114337593752E+01  0.80628575021256E+01  0.25499219692460E+01
  54 H     0.25381610406862E+01  0.83507607581954E+01  0.19886933689309E+01
  55 H     0.10579843319830E+01  0.83251803645375E+01  0.20312003297759E+01
  56 O     0.93849997440731E+01  0.40250781014578E+01  0.10413286877687E+02
  57 H     0.91873860631036E+01  0.49725053447117E+01  0.10350417629425E+02
  58 H     0.85229733928572E+01  0.35982082403329E+01  0.10337445719727E+02
  59 O     0.98588747542702E+01  0.79288654621416E+01  0.48423195370545E+01
  60 H     0.10303058790277E+02  0.80656780481788E+01  0.40067857057885E+01
  61 H     0.90158519160233E+01  0.75775270471377E+01  0.45838302916548E+01
  62 O     0.47801725299616E+01  0.11946712723094E+01  0.85407647328624E+01
  63 H     0.42631585725154E+01  0.16641030508494E+01  0.78897670709728E+01
  64 H     0.56989862210563E+01  0.14401610336516E+01  0.83360770675521E+01
  65 O     0.37412391375013E+01  0.70241736553087E+01  0.83298140324705E+01
  66 H     0.42055693682257E+01  0.73240680356838E+01  0.75560901597541E+01
  67 H     0.30102128395399E+01  0.76492801669326E+01  0.83749103641569E+01
  68 O     0.64379161950348E+01  0.34388659523084E+01  0.67903548461473E+00
  69 H     0.55401295760604E+01  0.36776616466582E+01  0.48662133799285E+00
  70 H     0.63290659338252E+01  0.25341917952566E+01  0.95197936415128E+00
  71 O     0.27286326230011E+01  0.61033204563390E+01  0.44947608365707E+01
  72 H     0.25493619539607E+01  0.52087314921223E+01  0.41995762081695E+01
  73 H     0.23430226456487E+01  0.66512764473852E+01  0.37949260891028E+01
  74 Cl    0.79996723666009E+01  0.56175478122022E+01  0.70407469333818E+01
  75 H     0.81008433795020E+01  0.45462066568570E+01  0.77674418406756E+01
  76 Cl    0.93487464082599E+01  0.50176602212119E+00  0.11038679445421E+02
  77 H     0.95400393233069E+01  0.65755490997741E+00  0.97837189589423E+01

