   Alanine                              
  Iter.    Eatom    Elopa        Ebond      Emol     Eval     Ecoa     Ehb      Etor     Econj    Evdw     Ecoul
     0  -246.434    0.037      -7024.683    0.000  156.259   -0.209  -22.442   12.761   -4.636     1642.066    -1773.141      973.621        0.000        0.000
     1  -226.382    0.004      -7328.499    0.000  138.435   -0.211  -22.009   14.972   -4.774     1868.889    -2087.668     1232.994        0.000        0.000
     2  -234.205    0.004      -7200.801    0.000  111.920   -0.185  -23.451   10.130   -4.034     1733.992    -2126.413     1265.993        0.000        0.000
     3  -229.772    0.000      -7194.515    0.000  109.192   -0.177  -23.734   17.976   -4.867     1711.187    -2115.757     1256.747        0.000        0.000
     4  -239.917    0.000      -7160.412    0.000  107.397   -0.215  -24.768   13.152   -4.379     1679.505    -2101.788     1244.004        0.000        0.000
     5  -241.533    0.000      -7149.478    0.000  105.416   -0.196  -25.987   15.811   -4.935     1660.779    -2112.323     1251.795        0.000        0.000
     6  -235.594    0.033      -7199.080    0.000  113.901   -0.204  -27.333   14.213   -4.405     1687.438    -2183.001     1310.892        0.000        0.000
     7  -238.863    0.019      -7191.954    0.000  111.178   -0.228  -28.190   16.286   -4.835     1673.669    -2191.504     1317.447        0.000        0.000
     8  -243.995    0.000      -7171.768    0.000  108.674   -0.214  -28.702   11.273   -4.340     1657.541    -2190.455     1316.428        0.000        0.000
     9  -239.437    0.000      -7176.120    0.000  107.800   -0.197  -28.899   14.902   -4.625     1651.647    -2189.894     1315.854        0.000        0.000
    10  -232.474    0.000      -7193.422    0.000  108.316   -0.206  -29.235   16.882   -4.658     1657.494    -2201.285     1325.239        0.000        0.000
    11  -222.960    0.000      -7205.889    0.000  102.786   -0.144  -29.967   15.460   -4.393     1661.908    -2212.698     1334.469        0.000        0.000
    12  -220.771    0.001      -7205.520    0.000  104.337   -0.171  -30.689   13.679   -4.730     1658.134    -2218.170     1338.735        0.000        0.000
    13  -220.669    0.000      -7206.143    0.000  104.046   -0.177  -31.627   16.316   -5.063     1655.540    -2223.998     1343.184        0.000        0.000
    14  -220.609    0.000      -7210.735    0.000  103.928   -0.148  -32.399   14.223   -4.412     1659.653    -2235.427     1352.637        0.000        0.000
    15  -235.667    0.000      -7197.718    0.000  110.783   -0.224  -33.547   14.170   -4.751     1654.044    -2244.964     1360.135        0.000        0.000
    16  -251.648    0.000      -7173.391    0.000  109.001   -0.230  -34.993   13.612   -4.762     1643.628    -2249.829     1363.762        0.000        0.000
    17  -255.884    0.000      -7157.086    0.000  110.068   -0.219  -36.826   12.591   -4.451     1628.722    -2255.561     1368.365        0.000        0.000
    18  -239.932    0.000      -7175.487    0.000  106.812   -0.191  -37.288   14.109   -4.581     1631.789    -2266.136     1377.470        0.000        0.000
    19  -238.355    0.000      -7176.048    0.000  104.988   -0.170  -38.507   15.607   -4.731     1630.366    -2275.881     1385.192        0.000        0.000
    20  -241.916    0.000      -7173.033    0.000  107.450   -0.198  -39.725   12.924   -4.410     1630.042    -2286.528     1393.739        0.000        0.000
    21  -242.846    0.000      -7178.599    0.000  109.040   -0.215  -40.588   16.312   -4.633     1630.245    -2293.188     1399.008        0.000        0.000
    22  -248.452    0.000      -7173.297    0.000  108.899   -0.205  -41.286   12.433   -4.328     1632.630    -2302.731     1406.946        0.000        0.000
    23  -237.240    0.000      -7185.195    0.000  106.886   -0.202  -41.839   14.203   -4.678     1632.152    -2314.575     1417.164        0.000        0.000
    24  -235.891    0.000      -7183.876    0.000  105.459   -0.166  -42.191   14.817   -4.449     1629.220    -2320.082     1421.778        0.000        0.000
    25  -239.256    0.000      -7173.842    0.000  107.189   -0.205  -42.633   15.452   -4.666     1619.178    -2326.898     1427.389        0.000        0.000
    26  -244.664    0.000      -7167.462    0.000  108.392   -0.205  -42.847   12.273   -4.358     1619.548    -2335.292     1434.336        0.000        0.000
    27  -244.953    0.000      -7170.666    0.000  108.666   -0.199  -43.087   14.123   -4.563     1620.819    -2343.537     1441.122        0.000        0.000
    28  -238.418    0.000      -7182.132    0.000  108.478   -0.204  -43.327   14.441   -4.629     1625.734    -2355.569     1451.394        0.000        0.000
    29  -233.849    0.000      -7186.205    0.000  106.602   -0.176  -43.638   13.748   -4.558     1627.529    -2367.518     1461.651        0.000        0.000
    30  -233.234    0.000      -7186.769    0.000  107.367   -0.197  -43.980   16.060   -4.878     1624.061    -2374.192     1467.385        0.000        0.000
    31  -236.699    0.000      -7182.777    0.000  107.686   -0.191  -44.122   13.853   -4.462     1625.075    -2380.556     1472.794        0.000        0.000
    32  -242.052    0.000      -7175.845    0.000  108.012   -0.192  -44.306   13.923   -4.586     1623.189    -2386.750     1477.853        0.000        0.000
    33  -244.074    0.000      -7172.333    0.000  110.740   -0.216  -44.623   13.429   -4.579     1619.834    -2399.604     1488.593        0.000        0.000
    34  -246.626    0.000      -7164.529    0.000  110.609   -0.198  -44.895   13.869   -4.459     1612.940    -2402.469     1490.897        0.000        0.000
    35  -241.040    0.000      -7167.694    0.000  109.301   -0.188  -45.087   13.088   -4.343     1612.019    -2404.251     1492.547        0.000        0.000
    36  -235.174    0.000      -7176.025    0.000  107.348   -0.203  -45.396   15.514   -4.764     1613.491    -2404.649     1492.974        0.000        0.000
    37  -232.412    0.000      -7185.692    0.000  106.850   -0.203  -45.876   14.564   -4.576     1621.568    -2411.886     1499.243        0.000        0.000
    38  -233.063    0.000      -7190.148    0.000  106.784   -0.184  -46.404   15.469   -4.549     1626.094    -2419.168     1505.277        0.000        0.000
    39  -233.822    0.000      -7189.906    0.000  108.440   -0.202  -47.058   14.768   -4.687     1626.311    -2428.131     1512.719        0.000        0.000
    40  -235.433    0.000      -7180.629    0.000  108.125   -0.189  -47.617   13.972   -4.515     1619.635    -2430.065     1514.267        0.000        0.000
    41  -232.516    0.000      -7176.396    0.000  108.626   -0.205  -48.076   14.205   -4.583     1610.835    -2431.634     1515.742        0.000        0.000
    42  -237.505    0.000      -7171.930    0.000  108.718   -0.195  -48.632   14.027   -4.491     1611.318    -2433.043     1516.778        0.000        0.000
    43  -236.019    0.000      -7174.986    0.000  109.779   -0.215  -49.031   13.039   -4.487     1612.776    -2438.334     1521.336        0.000        0.000
    44  -234.819    0.000      -7179.531    0.000  110.347   -0.214  -49.517   14.885   -4.719     1614.111    -2441.877     1524.301        0.000        0.000
    45  -235.789    0.000      -7181.259    0.000  110.327   -0.197  -50.004   13.902   -4.432     1617.896    -2446.309     1528.035        0.000        0.000
    46  -234.598    0.000      -7182.220    0.000  109.594   -0.205  -50.541   13.771   -4.550     1618.797    -2451.096     1532.115        0.000        0.000
    47  -231.645    0.000      -7183.462    0.000  108.881   -0.206  -51.270   15.519   -4.654     1616.325    -2456.833     1537.102        0.000        0.000
    48  -232.738    0.000      -7181.281    0.000  109.128   -0.204  -51.583   13.718   -4.351     1616.799    -2461.858     1541.467        0.000        0.000
    49  -237.298    0.000      -7177.593    0.000  109.504   -0.207  -51.841   13.807   -4.408     1617.112    -2465.088     1544.137        0.000        0.000
