   Alanine                              
  Iter.          Epot            Max.move      Factor        RMSG       nfc
     0      -6286.8017102560     0.000000     0.500000    24.529930       0
     1      -6414.2076487982   143.715570    86.927915    12.256681       0
     2      -6467.0227277857    87.148821     0.562649     8.262368       0
     3      -6473.6696389335     0.047405     0.704632     8.233703       0
     4      -6487.3759899610     0.045316     1.600834     6.835297       0
     5      -6500.5756030717     0.022604     4.751522     9.155387       0
     6      -6523.1302220255     0.071062     2.650177     7.420444       0
     7      -6536.9254072077     0.045889     2.750740     7.028816       0
     8      -6545.4980722180     0.064972     1.014513     5.284724       0
     9      -6548.9255514294     0.025994     0.872827     3.413458       0
    10      -6553.3239577234     0.014584     2.805909     6.956134       0
    11      -6561.3565688455     0.043463     1.663971     4.917775       0
    12      -6565.0612097660     0.036967     1.650008     5.362299       0
    13      -6568.4608279348     0.034060     1.764659     6.940223       0
    14      -6573.1915633977     0.035234     1.139584     6.268269       0
    15      -6577.7075570951     0.017514     2.825452     7.412924       0
    16      -6584.8255795565     0.037627     1.587200     4.681207       0
    17      -6590.2634831646     0.024917     3.172317     5.656030       0
    18      -6593.3868354305     0.023350     1.086909     3.570553       0
    19      -6597.4302587038     0.021208     2.168615     6.032847       0
    20      -6601.5937326062     0.051722     0.970140     4.297599       0
    21      -6605.4398869920     0.018798     2.373189     4.629170       0
    22      -6609.3683202684     0.021937     2.138757     3.970081       0
    23      -6613.2769223766     0.018734     2.609140     3.460818       0
    24      -6615.3057386661     0.024223     1.411469     3.778660       0
    25      -6618.2521806688     0.036378     1.338673     3.244695       0
    26      -6620.2518112766     0.010233     2.036757     3.365774       0
    27      -6622.2434740748     0.019031     1.303408     3.332798       0
    28      -6624.1980569757     0.016607     1.704398     3.329774       0
    29      -6626.3360384849     0.022251     1.993261     2.903439       0
    30      -6628.3355012839     0.012611     2.737509     3.047797       0
    31      -6629.3542545870     0.016590     1.028481     2.779777       0
    32      -6630.6956397248     0.012453     1.511629     2.856195       0
    33      -6632.8084944023     0.009455     3.774928     3.243349       0
    34      -6634.8337464722     0.015914     1.945146     2.905579       0
    35      -6635.6086085383     0.014006     1.088557     2.261635       0
    36      -6636.8309754172     0.006727     2.557590     2.878668       0
    37      -6638.3785544922     0.012706     2.012666     2.745972       0
    38      -6639.8461456599     0.012292     2.019838     3.141219       0
    39      -6641.5249377015     0.014132     1.961668     2.187140       0
    40      -6642.3817094098     0.007929     2.948547     2.586622       0
    41      -6643.9717648008     0.007715     2.476619     2.193859       0
    42      -6644.8993543516     0.006276     3.935653     2.749576       0
    43      -6646.1072209741     0.008776     2.097341     2.283865       0
    44      -6647.0024998513     0.017144     1.435502     2.260322       0
    45      -6647.7926378838     0.011711     2.313171     2.071386       0
    46      -6648.8797217021     0.011329     2.798431     2.012296       0
    47      -6650.1944857889     0.021089     2.378347     2.261799       0
    48      -6650.8633698831     0.018174     1.158282     2.336886       0
    49      -6651.8381743668     0.018000     0.721232     1.867743       0
