   1   -0.496389
   2    0.004455
   3    0.513762
   4   -0.646239
   5    0.277895
   6    0.290800
   7   -0.264302
   8    0.202511
   9   -0.483658
  10    0.379027
  11    0.178149
  12    0.154768
  13    0.155519
  14   -0.695331
  15    0.382035
  16    0.333072
  17   -0.666132
  18    0.361173
  19    0.331315
  20   -0.679550
  21    0.358766
  22    0.343371
  23   -0.686220
  24    0.359393
  25    0.345224
  26   -0.688662
  27    0.350546
  28    0.350557
  29   -0.645979
  30    0.378437
  31    0.334539
  32   -0.644071
  33    0.348734
  34    0.379091
  35   -0.692295
  36    0.349769
  37    0.327526
  38   -0.696716
  39    0.374766
  40    0.347676
  41   -0.663392
  42    0.408085
  43    0.386476
  44   -0.669376
  45    0.387445
  46    0.327936
  47   -0.698692
  48    0.341923
  49    0.345752
  50   -0.690066
  51    0.362018
  52    0.387048
  53   -0.732946
  54    0.374479
  55    0.353014
  56   -0.676924
  57    0.387996
  58    0.390525
  59   -0.657630
  60    0.355670
  61    0.344239
  62   -0.705481
  63    0.335262
  64    0.377656
  65   -0.698466
  66    0.305944
  67    0.375569
  68   -0.684168
  69    0.328806
  70    0.337190
  71   -0.704050
  72    0.327915
  73    0.384662
  74   -0.659966
  75    0.223594
  76   -0.652133
  77    0.216753
