  FACTWO
  -6286.8017103  -6291.1245834  -6295.3749391  1.5000  -6417.8187099  0.0000  1.5000  3.0000     90.1673
  extrapolation
  two new points
  FACTWO
  FACTO3: RETURN 1
  -6291.1245834  -6355.2202218  -6396.1770231 26.4072  -6414.8386840  1.5000 27.9072 54.3143     87.8526
  extrapolation
  two new points
  FACTWO
  FACTO3: RETURN 1
  -6355.2202218  -6383.3776052  -6402.5283713 16.3801  -6414.4389478 27.9072 44.2872 60.6673     87.3062
  extrapolation
  two new points
  FACTWO
  FACTO3: RETURN 1
  -6383.3776052  -6400.8850126  -6411.1607341 14.5983  -6414.2273761 44.2872 58.8855 73.4839     86.9279
    1  -6286.8017102560  -6414.2273760806 SHANNO******  Ð;     4   86.927915   0.086927919   12.25668085
  FACTWO
  -6414.2076488  -6458.2062359  -6326.3498584  0.7500  -6463.6929955  0.0000  0.7500  1.5000      0.5626
  accept estimated point
    2  -6414.2076487982  -6463.6929955154 SHANNO******  Ð;     1    0.562649   0.112529724    8.26236798
  FACTWO
  -6467.0227278  -6473.2321718  -6465.3134875  0.7500  -6473.2580200  0.0000  0.7500  1.5000      0.7046
  accept estimated point
    3  -6467.0227277857  -6473.2580200488 SHANNO******  Ð;     1    0.704632   0.033403147    8.23370261
  FACTWO
  -6473.6696389  -6487.3703760  -6476.9170418  1.5000  -6487.4249508  0.0000  1.5000  3.0000      1.6008
  accept estimated point
    4  -6473.6696389335  -6487.4249508034 SHANNO******  Ð;     1    1.600834   0.072542922    6.83529746
  FACTWO
  -6487.3759900  -6494.2635433  -6498.7402949  1.5000  -6500.9598332  0.0000  1.5000  3.0000      5.0354
  extrapolation
  two new points
  FACTWO
  FACTO3: RETURN 1
  -6494.2635433  -6499.0020450  -6500.5748429  1.6283  -6500.5748589  1.5000  3.1283  4.7567      4.7515
    5  -6487.3759899610  -6500.5748589140 SHANNO******  Ð;     2    4.751522   0.107404771    9.15538666
  FACTWO
  -6500.5756031  -6518.8230563  -6522.6659704  1.5000  -6523.0576965  0.0000  1.5000  3.0000      2.6502
    6  -6500.5756030717  -6523.0576965140 SHANNO******  Ð;     1    2.650177   0.188325840    7.42044352
  FACTWO
  -6523.1302220  -6534.0064804  -6536.7285610  1.5000  -6536.8411442  0.0000  1.5000  3.0000      2.7507
    7  -6523.1302220255  -6536.8411442481 SHANNO******  Ð;     1    2.750740   0.126228127    7.02881598
  FACTWO
  -6536.9254072  -6543.0915953  -6514.2905454  1.5000  -6544.9230846  0.0000  1.5000  3.0000      1.0145
  accept estimated point
    8  -6536.9254072077  -6544.9230845682 SHANNO******  Ð;     1    1.014513   0.065914652    5.28472376
  FACTWO
  -6545.4980722  -6547.2245151  -6527.8670512  1.5000  -6549.0674663  0.0000  1.5000  3.0000      0.8728
  accept estimated point
    9  -6545.4980722180  -6549.0674663438 SHANNO******  Ð;     1    0.872827   0.022688181    3.41345785
  FACTWO
  -6548.9255514  -6552.3419532  -6553.2657335  1.5000  -6553.2866003  0.0000  1.5000  3.0000      2.8059
   10  -6548.9255514294  -6553.2866002846 SHANNO******  Ð;     1    2.805909   0.040920679    6.95613445
  FACTWO
  -6553.3239577  -6561.1300588  -6556.1248595  1.5000  -6561.2066030  0.0000  1.5000  3.0000      1.6640
  accept estimated point
   11  -6553.3239577234  -6561.2066030097 SHANNO******  Ð;     1    1.663971   0.072321789    4.91777488
  FACTWO
  -6561.3565688  -6565.0405900  -6562.5846275  1.5000  -6565.0712930  0.0000  1.5000  3.0000      1.6500
  accept estimated point
   12  -6561.3565688455  -6565.0712929905 SHANNO******  Ð;     1    1.650008   0.060995895    5.36229874
  FACTWO
  -6565.0612098  -6568.4513645  -6566.8297533  1.5000  -6568.5293746  0.0000  1.5000  3.0000      1.7647
  accept estimated point
   13  -6565.0612097660  -6568.5293745678 SHANNO******  Ð;     1    1.764659   0.060104907    6.94022344
  FACTWO
  -6568.4608279  -6572.4500421  -6561.0797418  1.5000  -6572.8934190  0.0000  1.5000  3.0000      1.1396
  accept estimated point
   14  -6568.4608279348  -6572.8934190487 SHANNO******  Ð;     1    1.139584   0.040151845    6.26826863
  FACTWO
  -6573.1915634  -6576.8085757  -6577.8114497  1.5000  -6577.8291486  0.0000  1.5000  3.0000      2.8255
   15  -6573.1915633977  -6577.8291485832 SHANNO******  Ð;     1    2.825452   0.049484593    7.41292421
  FACTWO
  -6577.7075571  -6584.7584817  -6579.1763531  1.5000  -6584.7798281  0.0000  1.5000  3.0000      1.5872
  accept estimated point
   16  -6577.7075570951  -6584.7798280756 SHANNO******  Ð;     1    1.587200   0.059722337    4.68120654
  FACTWO
  -6584.8255796  -6588.7438909  -6590.2358199  1.5000  -6590.2518303  0.0000  1.5000  3.0000      3.1723
   17  -6584.8255795565  -6590.2518303217 SHANNO******  Ð;     1    3.172317   0.079045206    5.65603013
  FACTWO
  -6590.2634832  -6593.4826233  -6582.3693636  1.5000  -6594.0261220  0.0000  1.5000  3.0000      1.0869
  accept estimated point
   18  -6590.2634831646  -6594.0261219665 SHANNO******  Ð;     1    1.086909   0.025379001    3.57055314
  FACTWO
  -6593.3868354  -6597.0304738  -6596.8214413  1.5000  -6597.4132121  0.0000  1.5000  3.0000      2.1686
  accept estimated point
   19  -6593.3868354305  -6597.4132120695 SHANNO******  Ð;     1    2.168615   0.045991727    6.03284714
  FACTWO
  -6597.4302587  -6600.5123464  -6582.5935471  1.5000  -6601.8225768  0.0000  1.5000  3.0000      0.9701
  accept estimated point
   20  -6597.4302587038  -6601.8225768427 SHANNO******  Ð;     1    0.970140   0.050177233    4.29759891
  FACTWO
  -6601.5937326  -6604.8758550  -6605.1249460  1.5000  -6605.3897579  0.0000  1.5000  3.0000      2.3732
   21  -6601.5937326062  -6605.3897578531 SHANNO******  Ð;     1    2.373189   0.044610935    4.62916978
  FACTWO
  -6605.4398870  -6609.0255855  -6608.7383625  1.5000  -6609.3767396  0.0000  1.5000  3.0000      2.1388
  accept estimated point
   22  -6605.4398869920  -6609.3767396478 SHANNO******  Ð;     1    2.138757   0.046917899    3.97008087
  FACTWO
  -6609.3683203  -6612.5047199  -6613.1105955  1.5000  -6613.1965047  0.0000  1.5000  3.0000      2.6091
   23  -6609.3683202684  -6613.1965046575 SHANNO******  Ð;     1    2.609140   0.048880589    3.46081756
  FACTWO
  -6613.2769224  -6615.3044532  -6612.7341937  1.5000  -6615.3124613  0.0000  1.5000  3.0000      1.4115
  accept estimated point
   24  -6613.2769223766  -6615.3124612921 SHANNO******  Ð;     1    1.411469   0.034190426    3.77865996
  FACTWO
  -6615.3057387  -6618.2105184  -6613.7136186  1.5000  -6618.2533271  0.0000  1.5000  3.0000      1.3387
  accept estimated point
   25  -6615.3057386661  -6618.2533270681 SHANNO******  Ð;     1    1.338673   0.048697767    3.24469454
  FACTWO
  -6618.2521807  -6620.1374834  -6619.8250478  1.5000  -6620.2781911  0.0000  1.5000  3.0000      2.0368
  accept estimated point
   26  -6618.2521806688  -6620.2781911401 SHANNO******  Ð;     1    2.036757   0.020841534    3.36577392
  FACTWO
  -6620.2518113  -6622.2279950  -6618.8477783  1.5000  -6622.2739986  0.0000  1.5000  3.0000      1.3034
  accept estimated point
   27  -6620.2518112766  -6622.2739985937 SHANNO******  Ð;     1    1.303408   0.024804725    3.33279827
  FACTWO
  -6622.2434741  -6624.1845283  -6623.0748838  1.5000  -6624.2128514  0.0000  1.5000  3.0000      1.7044
  accept estimated point
   28  -6622.2434740748  -6624.2128513773 SHANNO******  Ð;     1    1.704398   0.028304161    3.32977355
  FACTWO
  -6624.1980570  -6626.1730999  -6625.7652456  1.5000  -6626.3019389  0.0000  1.5000  3.0000      1.9933
  accept estimated point
   29  -6624.1980569757  -6626.3019388868 SHANNO******  Ð;     1    1.993261   0.044351795    2.90343907
  FACTWO
  -6626.3360385  -6627.9109294  -6628.2972288  1.5000  -6628.3154279  0.0000  1.5000  3.0000      2.7375
   30  -6626.3360384849  -6628.3154278530 SHANNO******  Ð;     1    2.737509   0.034523218    3.04779739
  FACTWO
  -6628.3355013  -6629.1257843  -6625.6593134  1.5000  -6629.3360966  0.0000  1.5000  3.0000      1.0285
  accept estimated point
   31  -6628.3355012839  -6629.3360966200 SHANNO******  Ð;     1    1.028481   0.017062707    2.77977694
  FACTWO
  -6629.3542546  -6630.6952546  -6629.3952060  1.5000  -6630.6953339  0.0000  1.5000  3.0000      1.5116
  accept estimated point
   32  -6629.3542545870  -6630.6953339377 SHANNO******  Ð;     1    1.511629   0.018824822    2.85619534
  FACTWO
  -6630.6956397  -6632.0442885  -6632.7241700  1.5000  -6632.8134153  0.0000  1.5000  3.0000      3.7749
   33  -6630.6956397248  -6632.8134153481 SHANNO******  Ð;     1    3.774928   0.035691768    3.24334919
  FACTWO
  -6632.8084944  -6634.7103006  -6634.2251936  1.5000  -6634.8154069  0.0000  1.5000  3.0000      1.9451
  accept estimated point
   34  -6632.8084944023  -6634.8154068902 SHANNO******  Ð;     1    1.945146   0.030955774    2.90557852
  FACTWO
  -6634.8337465  -6635.4803575  -6633.2621150  1.5000  -6635.5881302  0.0000  1.5000  3.0000      1.0886
  accept estimated point
   35  -6634.8337464722  -6635.5881302465 SHANNO******  Ð;     1    1.088557   0.015245960    2.26163501
  FACTWO
  -6635.6086085  -6636.6216010  -6636.7939778  1.5000  -6636.8305401  0.0000  1.5000  3.0000      2.5576
   36  -6635.6086085383  -6636.8305401277 SHANNO******  Ð;     1    2.557590   0.017204977    2.87866819
  FACTWO
  -6636.8309754  -6638.2825772  -6638.0097302  1.5000  -6638.3832951  0.0000  1.5000  3.0000      2.0127
  accept estimated point
   37  -6636.8309754172  -6638.3832951297 SHANNO******  Ð;     1    2.012666   0.025572193    2.74597189
  FACTWO
  -6638.3785545  -6639.7694800  -6639.5173707  1.5000  -6639.8681467  0.0000  1.5000  3.0000      2.0198
  accept estimated point
   38  -6638.3785544922  -6639.8681467023 SHANNO******  Ð;     1    2.019838   0.024827921    3.14121937
  FACTWO
  -6639.8461457  -6641.4281438  -6641.0516877  1.5000  -6641.5209040  0.0000  1.5000  3.0000      1.9617
  accept estimated point
   39  -6639.8461456599  -6641.5209039603 SHANNO******  Ð;     1    1.961668   0.027722307    2.18713993
  FACTWO
  -6641.5249377  -6642.2427431  -6642.4708123  1.5000  -6642.4711005  0.0000  1.5000  3.0000      2.9485
   40  -6641.5249377015  -6642.4711004607 SHANNO******  Ð;     1    2.948547   0.023377827    2.58662203
  FACTWO
  -6642.3817094  -6643.6338826  -6643.7982304  1.5000  -6643.8644495  0.0000  1.5000  3.0000      2.4766
   41  -6642.3817094098  -6643.8644494536 SHANNO******  Ð;     1    2.476619   0.019107800    2.19385851
  FACTWO
  -6643.9717648  -6644.6629353  -6645.0286606  1.5000  -6645.0919739  0.0000  1.5000  3.0000      3.9357
   42  -6643.9717648008  -6645.0919739334 SHANNO******  Ð;     1    3.935653   0.024699539    2.74957571
  FACTWO
  -6644.8993544  -6646.0180935  -6645.8913360  1.5000  -6646.1168521  0.0000  1.5000  3.0000      2.0973
  accept estimated point
   43  -6644.8993543516  -6646.1168520766 SHANNO******  Ð;     1    2.097341   0.018405240    2.28386535
  FACTWO
  -6646.1072210  -6647.0002672  -6645.9391700  1.5000  -6647.0020737  0.0000  1.5000  3.0000      1.4355
  accept estimated point
   44  -6646.1072209741  -6647.0020736897 SHANNO******  Ð;     1    1.435502   0.024610382    2.26032191
  FACTWO
  -6647.0024999  -6647.6929175  -6647.7208187  1.5000  -6647.7902702  0.0000  1.5000  3.0000      2.3132
   45  -6647.0024998513  -6647.7902702021 SHANNO******  Ð;     1    2.313171   0.027090321    2.07138612
  FACTWO
  -6647.7926379  -6648.6506010  -6648.8803054  1.5000  -6648.8859778  0.0000  1.5000  3.0000      2.7984
   46  -6647.7926378838  -6648.8859778405 SHANNO******  Ð;     1    2.798431   0.031702187    2.01229561
  FACTWO
  -6648.8797217  -6650.0115689  -6650.1007818  1.5000  -6650.1903214  0.0000  1.5000  3.0000      2.3783
   47  -6648.8797217021  -6650.1903214116 SHANNO******  Ð;     1    2.378347   0.050156160    2.26179878
  FACTWO
  -6650.1944858  -6650.7998340  -6649.1811746  1.5000  -6650.8575451  0.0000  1.5000  3.0000      1.1583
  accept estimated point
   48  -6650.1944857889  -6650.8575451276 SHANNO******  Ð;     1    1.158282   0.021050913    2.33688562
  FACTWO
  -6650.8633699  -6651.8324937  -6650.7023231  0.7500  -6651.8340381  0.0000  0.7500  1.5000      0.7212
  accept estimated point
   49  -6650.8633698831  -6651.8340380614 SHANNO******  Ð;     1    0.721232   0.012982232    1.86774345
