       1       4       3       2       5       6       1  0.997  0.907  0.902  2.809  1.000 -0.496                                                    
       2       1       4       1       3       7       8       1  0.997  1.012  0.926  0.938  3.881  0.000  0.004                                     
       3       1       3       2       4       9       1  1.012  1.024  1.657  3.769  0.000  0.514                                                    
       4       3       2       3      10       1  1.024  0.838  1.904  2.000 -0.646                 
       5       2       1       1       1  0.907  0.923  0.000  0.278                                
       6       2       1       1       1  0.902  0.968  0.000  0.291                                
       7       1       4       2      11      12      13       1  0.926  0.937  0.948  0.949  3.761  0.000 -0.264                                     
       8       2       1       2       1  0.938  1.010  0.000  0.203                                
       9       3       1       3       1  1.657  1.692  2.000 -0.484                                
      10       2       1       4       1  0.838  0.950  0.000  0.379                                
      11       2       1       7       1  0.937  0.992  0.000  0.178                                
      12       2       1       7       1  0.948  0.949  0.000  0.155                                
      13       2       1       7       1  0.949  0.951  0.000  0.156                                
      14       3       2      15      16       2  0.863  0.872  1.746  2.000 -0.695                 
      15       2       1      14       2  0.863  0.932  0.000  0.382                                
      16       2       1      14       2  0.872  0.911  0.000  0.333                                
      17       3       2      18      19       3  0.870  0.872  1.742  2.000 -0.666                 
      18       2       1      17       3  0.870  0.924  0.000  0.361                                
      19       2       1      17       3  0.872  0.924  0.000  0.331                                
      20       3       2      21      22       4  0.869  0.848  1.801  2.000 -0.680                 
      21       2       1      20       4  0.869  0.897  0.000  0.359                                
      22       2       1      20       4  0.848  0.971  0.000  0.343                                
      23       3       2      24      25       5  0.870  0.871  1.764  2.000 -0.686                 
      24       2       1      23       5  0.870  0.925  0.000  0.359                                
      25       2       1      23       5  0.871  0.926  0.000  0.345                                
      26       3       2      27      28       6  0.872  0.871  1.798  2.000 -0.689                 
      27       2       1      26       6  0.872  0.919  0.000  0.351                                
      28       2       1      26       6  0.871  0.918  0.000  0.351                                
      29       3       2      30      31       7  0.866  0.872  1.738  2.000 -0.646                 
      30       2       1      29       7  0.866  0.929  0.000  0.378                                
      31       2       1      29       7  0.872  0.910  0.000  0.335                                
      32       3       2      33      34       8  0.872  0.869  1.741  2.000 -0.644                 
      33       2       1      32       8  0.872  0.924  0.000  0.349                                
      34       2       1      32       8  0.869  0.929  0.000  0.379                                
      35       3       2      36      37       9  0.872  0.873  1.789  2.000 -0.692                 
      36       2       1      35       9  0.872  0.916  0.000  0.350                                
      37       2       1      35       9  0.873  0.916  0.000  0.328                                
      38       3       2      39      40      10  0.856  0.872  1.793  2.000 -0.697                 
      39       2       1      38      10  0.856  0.947  0.000  0.375                                
      40       2       1      38      10  0.872  0.903  0.000  0.348                                
      41       3       2      42      43      11  0.860  0.855  1.742  2.000 -0.663                 
      42       2       1      41      11  0.860  0.929  0.000  0.408                                
      43       2       1      41      11  0.855  0.951  0.000  0.386                                
      44       3       2      45      46      12  0.858  0.871  1.789  2.000 -0.669                 
      45       2       1      44      12  0.858  0.944  0.000  0.387                                
      46       2       1      44      12  0.871  0.901  0.000  0.328                                
      47       3       2      48      49      13  0.873  0.869  1.813  2.000 -0.699                 
      48       2       1      47      13  0.873  0.917  0.000  0.342                                
      49       2       1      47      13  0.869  0.930  0.000  0.346                                
      50       3       2      51      52      14  0.870  0.850  1.778  2.000 -0.690                 
      51       2       1      50      14  0.870  0.895  0.000  0.362                                
      52       2       1      50      14  0.850  0.958  0.000  0.387                                
      53       3       2      54      55      15  0.865  0.871  1.800  2.000 -0.733                 
      54       2       1      53      15  0.865  0.922  0.000  0.374                                
      55       2       1      53      15  0.871  0.918  0.000  0.353                                
      56       3       2      57      58      16  0.859  0.865  1.733  2.000 -0.677                 
      57       2       1      56      16  0.859  0.945  0.000  0.388                                
      58       2       1      56      16  0.865  0.911  0.000  0.391                                
      59       3       2      60      61      17  0.868  0.873  1.742  2.000 -0.658                 
      60       2       1      59      17  0.868  0.929  0.000  0.356                                
      61       2       1      59      17  0.873  0.915  0.000  0.344                                
      62       3       2      63      64      18  0.872  0.857  1.759  2.000 -0.705                 
      63       2       1      62      18  0.872  0.902  0.000  0.335                                
      64       2       1      62      18  0.857  0.952  0.000  0.378                                
      65       3       2      66      67      19  0.872  0.864  1.763  2.000 -0.698                 
      66       2       1      65      19  0.872  0.916  0.000  0.306                                
      67       2       1      65      19  0.864  0.931  0.000  0.376                                
      68       3       2      69      70      20  0.872  0.871  1.762  2.000 -0.684                 
      69       2       1      68      20  0.872  0.926  0.000  0.329                                
      70       2       1      68      20  0.871  0.925  0.000  0.337                                
      71       3       2      72      73      21  0.869  0.860  1.798  2.000 -0.704                 
      72       2       1      71      21  0.869  0.903  0.000  0.328                                
      73       2       1      71      21  0.860  0.938  0.000  0.385                                
      74      10       1      75      22  0.857  0.963  3.000 -0.660                                
      75       2       1      74      22  0.857  0.857  0.000  0.224                                
      76      10       1      77      23  0.867  0.963  3.000 -0.652                                
      77       2       1      76      23  0.867  0.867  0.000  0.217                                
