 Lattice parameters:
    10.00000000    10.00000000    10.00000000
    90.00000000    90.00000000    90.00000000
  77 Atom coordinates (Angstrom):
   0.682686000000000E+01   0.473284000000000E+01   0.466942000000000E+01 N    
   0.539944000000000E+01   0.480447000000000E+01   0.513825000000000E+01 C    
   0.450669000000000E+01   0.362062000000000E+01   0.467252000000000E+01 C    
   0.331251000000000E+01   0.348456000000000E+01   0.536833000000000E+01 O    
   0.691199000000000E+01   0.408652000000000E+01   0.388182000000000E+01 H    
   0.745388000000000E+01   0.434494000000000E+01   0.537275000000000E+01 H    
   0.524868000000000E+01   0.479150000000000E+01   0.672098000000000E+01 C    
   0.499320000000000E+01   0.575023000000000E+01   0.471430000000000E+01 H    
   0.477210000000000E+01   0.294125000000000E+01   0.372646000000000E+01 O    
   0.287753000000000E+01   0.275301000000000E+01   0.485583000000000E+01 H    
   0.576359000000000E+01   0.565934000000000E+01   0.719381000000000E+01 H    
   0.568066000000000E+01   0.386917000000000E+01   0.716919000000000E+01 H    
   0.417258000000000E+01   0.482701000000000E+01   0.701917000000000E+01 H    
   0.407764000000000E+01  -0.649670000000000E+00   0.132023000000000E+01 O    
   0.416607000000000E+01  -0.540230000000000E+00   0.330180000000000E+00 H    
   0.405566000000000E+01   0.344250000000000E+00   0.142813000000000E+01 H    
   0.313600000000000E+01   0.843536000000000E+01   0.462097000000000E+01 O    
   0.275632000000000E+01   0.935690000000000E+01   0.453963000000000E+01 H    
   0.363127000000000E+01   0.871210000000000E+01   0.544445000000000E+01 H    
   0.682063000000000E+01   0.859892000000000E+01   0.161121000000000E+01 O    
   0.674125000000000E+01   0.902957000000000E+01   0.712190000000000E+00 H    
   0.753370000000000E+01   0.925366000000000E+01   0.186189000000000E+01 H    
   0.856710000000000E+00   0.892368000000000E+01   0.812160000000000E+01 O    
   0.952670000000000E+00   0.808233000000000E+01   0.758969000000000E+01 H    
   0.274440000000000E+00   0.930964000000000E+01   0.740607000000000E+01 H    
   0.691412000000000E+01   0.115037000000000E+01   0.465850000000000E+01 O    
   0.709021000000000E+01   0.895470000000000E+00   0.370770000000000E+01 H    
   0.594566000000000E+01   0.932500000000000E+00   0.453755000000000E+01 H    
   0.414097000000000E+01   0.621525000000000E+01   0.970530000000000E+00 O    
   0.480847000000000E+01   0.645046000000000E+01   0.264040000000000E+00 H    
   0.471656000000000E+01   0.545035000000000E+01   0.125969000000000E+01 H    
   0.124296000000000E+01   0.246454000000000E+01   0.720250000000000E+00 O    
   0.174716000000000E+01   0.204722000000000E+01  -0.358000000000000E-01 H    
   0.176648000000000E+01   0.330852000000000E+01   0.603520000000000E+00 H    
   0.937036000000000E+01   0.448025000000000E+01   0.336690000000000E+01 O    
   0.964940000000000E+01   0.536842000000000E+01   0.300181000000000E+01 H    
   0.999142000000000E+01   0.460331000000000E+01   0.414095000000000E+01 H    
   0.809697000000000E+01   0.187810000000000E+01   0.872621000000000E+01 O    
   0.759886000000000E+01   0.145824000000000E+01   0.796753000000000E+01 H    
   0.882026000000000E+01   0.215951000000000E+01   0.809561000000000E+01 H    
   0.747730000000000E+00   0.201008000000000E+01   0.455928000000000E+01 O    
   0.173050000000000E+00   0.221628000000000E+01   0.376731000000000E+01 H    
  -0.572900000000000E-01   0.204171000000000E+01   0.515168000000000E+01 H    
   0.672758000000000E+01   0.929351000000000E+01   0.724460000000000E+01 O    
   0.708940000000000E+01   0.919701000000000E+01   0.631736000000000E+01 H    
   0.584351000000000E+01   0.894237000000000E+01   0.693617000000000E+01 H    
   0.112037000000000E+01   0.370078000000000E+01   0.667864000000000E+01 O    
   0.484390000000000E+00   0.443451000000000E+01   0.643952000000000E+01 H    
   0.178306000000000E+01   0.437880000000000E+01   0.699662000000000E+01 H    
   0.863535000000000E+01   0.670256000000000E+01   0.990197000000000E+01 O    
   0.814931000000000E+01   0.739994000000000E+01   0.937526000000000E+01 H    
   0.845172000000000E+01   0.721030000000000E+01   0.107436900000000E+02 H    
   0.158391000000000E+01   0.841310000000000E+01   0.211047000000000E+01 O    
   0.186219000000000E+01   0.830925000000000E+01   0.115560000000000E+01 H    
   0.715380000000000E+00   0.881041000000000E+01   0.181415000000000E+01 H    
   0.875225000000000E+01   0.365157000000000E+01   0.994966000000000E+01 O    
   0.942168000000000E+01   0.432933000000000E+01   0.964553000000000E+01 H    
   0.856486000000000E+01   0.420179000000000E+01   0.107633800000000E+02 H    
   0.990447000000000E+01   0.789259000000000E+01   0.495128000000000E+01 O    
   0.102648800000000E+02   0.750017000000000E+01   0.410505000000000E+01 H    
   0.899763000000000E+01   0.753268000000000E+01   0.473195000000000E+01 H    
   0.453769000000000E+01   0.139304000000000E+01   0.862248000000000E+01 O    
   0.445454000000000E+01   0.134240000000000E+01   0.762723000000000E+01 H    
   0.527274000000000E+01   0.206428000000000E+01   0.852692000000000E+01 H    
   0.351326000000000E+01   0.693283000000000E+01   0.832524000000000E+01 O    
   0.414317000000000E+01   0.729984000000000E+01   0.764076000000000E+01 H    
   0.313423000000000E+01   0.784733000000000E+01   0.846677000000000E+01 H    
   0.664262000000000E+01   0.297277000000000E+01   0.758610000000000E+00 O    
   0.587460000000000E+01   0.354739000000000E+01   0.475820000000000E+00 H    
   0.602298000000000E+01   0.219444000000000E+01   0.859920000000000E+00 H    
   0.265132000000000E+01   0.616483000000000E+01   0.466601000000000E+01 O    
   0.215675000000000E+01   0.530751000000000E+01   0.452319000000000E+01 H    
   0.255877000000000E+01   0.638017000000000E+01   0.369386000000000E+01 H    
   0.849135000000000E+01   0.523523000000000E+01   0.774902000000000E+01 Cl   
   0.792143000000000E+01   0.441762000000000E+01   0.766711000000000E+01 H    
   0.100539100000000E+02   0.479400000000000E+00   0.104510200000000E+02 Cl   
   0.993783000000000E+01   0.627280000000000E+00   0.946885000000000E+01 H    
 Atom velocities (Angstrom/s):
  -0.152107382375142E+12  -0.121145254244162E+12   0.820316379251592E+11
  -0.619351670541114E+11  -0.531408892466310E+11  -0.212851517874720E+12
  -0.202393793222701E+12   0.556843818918286E+11   0.888914493512584E+11
   0.181119502523677E+12  -0.755802127740434E+11   0.214489872396364E+11
   0.343911936474018E+12  -0.538066653185985E+12  -0.459181876646743E+12
   0.246406254110983E+11   0.197804829861464E+12  -0.760858218082533E+12
  -0.594838011868718E+11  -0.218795731260375E+12  -0.235752639033783E+11
   0.273763480657634E+12   0.551697129301842E+11   0.735288377845264E+12
   0.129229324721387E+12  -0.844752673578875E+10  -0.149013834039334E+12
   0.294415833223507E+12  -0.426530489448215E+12   0.591633499625634E+12
   0.625794115352302E+12   0.338138803605607E+12  -0.335682906695440E+12
  -0.700568250428232E+12   0.281774315206497E+12  -0.220105658588634E+12
   0.164888086760824E+12   0.291272378400705E+12   0.711766436119358E+12
  -0.482224993470998E+11  -0.973898169997904E+11   0.164822680212604E+12
   0.479882266490885E+12   0.434388201116237E+12   0.446832228246208E+12
  -0.571067982975319E+12   0.113460099724414E+12   0.528816890569815E+12
  -0.117944532208733E+12  -0.648657508517692E+11   0.144423763624617E+12
  -0.897814534087265E+11  -0.684334333543459E+12  -0.377180261570442E+12
  -0.291062846161740E+12  -0.729433247589185E+12   0.429964656294289E+11
   0.111955311667470E+12   0.107893804033377E+12  -0.121661978660741E+12
   0.771027667197819E+12  -0.119509148503317E+12   0.993631672220717E+11
  -0.321435301587701E+12   0.717100401402659E+12   0.329469325168583E+11
  -0.698489220483984E+11  -0.127805139949604E+12   0.133280441558913E+12
  -0.766059454264517E+12  -0.100657205241942E+12  -0.147173974349178E+12
  -0.432448564993762E+12   0.648408721376636E+12   0.105799375416174E+12
  -0.159957619816508E+11   0.134227457463110E+12  -0.143888245081436E+12
   0.400252020534812E+12   0.354317368643576E+12   0.576971976352573E+12
  -0.444046642517979E+12  -0.602897918878297E+12   0.240781680868020E+12
   0.155372840459653E+12   0.320181402620554E+11   0.117519449252702E+12
   0.258239653739207E+12   0.555731114372019E+12   0.493066272337086E+12
  -0.555881968275230E+12  -0.513055509106114E+12  -0.215426138347284E+12
  -0.411497803611938E+10   0.942344126586674E+10   0.197157215240708E+12
  -0.232240416604231E+12   0.612759331298802E+12  -0.435005206822445E+12
  -0.425764973006521E+12  -0.599847166565480E+12   0.278472087802390E+12
  -0.830299189732654E+11  -0.135750733812575E+12  -0.116852354001279E+12
   0.887301961745217E+11   0.391104934728481E+12  -0.676611425767229E+12
   0.285794744012407E+11  -0.942362502527043E+11   0.780347282908167E+12
   0.954789434729266E+11  -0.537216714478360E+09   0.172800996995085E+12
   0.195656194950970E+12   0.517472447280996E+12  -0.559088596595589E+12
  -0.489021919437073E+12   0.265713294712129E+12  -0.555781563641874E+12
  -0.120526524379891E+12  -0.756156392333329E+11  -0.136866116461446E+12
  -0.135427962031002E+12  -0.706356968581071E+12   0.318368087593575E+12
   0.556765326151043E+12  -0.397309416405209E+12  -0.388325557223029E+12
  -0.923506472085816E+11   0.152778419640533E+12   0.843019232479141E+11
  -0.733145244563005E+12   0.234567435257207E+12  -0.161602313883213E+12
  -0.298695941195551E+12  -0.158904746374783E+12  -0.710048699353622E+12
   0.423475388276598E+11   0.175044697865852E+12   0.808872147826365E+11
   0.631314948534920E+12   0.158307038309976E+11  -0.468860281676181E+12
   0.623717273376240E+12  -0.177600767663562E+12  -0.445054906026574E+12
   0.196445949335639E+11  -0.195087343786370E+12   0.230590545182302E+11
  -0.700675779562232E+11   0.599379253230045E+12  -0.504454343303379E+12
  -0.574129749879650E+12  -0.448531012413587E+12   0.296368183797238E+12
  -0.179735278059993E+12   0.410216444474271E+11   0.706339600937525E+11
   0.523414613842813E+12  -0.586758719863732E+12   0.197607145760000E+11
  -0.169071793082679E+12  -0.466768034374074E+12  -0.610066775059314E+12
   0.145687849514670E+12  -0.456556836534694E+11  -0.125169129041170E+12
   0.598270766782190E+12  -0.184626924128050E+12  -0.476050551582252E+12
   0.443084435537355E+12  -0.530252021692602E+12  -0.375696840067031E+12
  -0.165582747731460E+12  -0.691941992101704E+11  -0.822874125268435E+11
  -0.675424897074153E+12   0.402101039991490E+12  -0.274791049896535E+11
  -0.332993896070306E+12  -0.237124743152816E+12   0.671956888889109E+12
   0.164073869528243E+12   0.405934049781534E+11  -0.102022755409313E+12
   0.285964877551180E+12   0.621602656970955E+12  -0.387908964596965E+12
   0.748542534535223E+12  -0.221817448351972E+12   0.954999097334951E+11
   0.412379725156766E+11   0.128115573280590E+12   0.144438676665158E+12
  -0.983220419824637E+11   0.722676783964795E+12   0.294465925260631E+12
  -0.181267576389853E+12   0.575601451143921E+12   0.504444421469464E+12
   0.554704085434151E+11   0.130430808332120E+12   0.137431946158295E+12
   0.599223075221313E+12  -0.493480404348331E+12   0.126680447612962E+12
  -0.734865657218382E+10  -0.781421035977286E+12  -0.892541368210418E+11
   0.357107466275778E+11   0.193531028809145E+12  -0.157221269036624E+11
   0.372089155288808E+12   0.548605766032588E+12   0.423344437961761E+12
   0.530831672482019E+12   0.275437762613730E+12   0.510872698015059E+12
  -0.108475702870916E+12   0.756119396488103E+11   0.103198004970801E+11
  -0.752543077932552E+11  -0.701944649523699E+12   0.346770294755059E+12
  -0.223296207366137E+11   0.333868319115519E+11   0.126401539965947E+12
  -0.394335964305976E+12   0.473567002781685E+12   0.488745926113096E+12
 Atom accelerations (Angstrom/s**2):
   0.000000000000000E+00   0.000000000000000E+00   0.000000000000000E+00
   0.000000000000000E+00   0.000000000000000E+00   0.000000000000000E+00
   0.000000000000000E+00   0.000000000000000E+00   0.000000000000000E+00
   0.000000000000000E+00   0.000000000000000E+00   0.000000000000000E+00
   0.000000000000000E+00   0.000000000000000E+00   0.000000000000000E+00
   0.000000000000000E+00   0.000000000000000E+00   0.000000000000000E+00
   0.000000000000000E+00   0.000000000000000E+00   0.000000000000000E+00
   0.000000000000000E+00   0.000000000000000E+00   0.000000000000000E+00
   0.000000000000000E+00   0.000000000000000E+00   0.000000000000000E+00
   0.000000000000000E+00   0.000000000000000E+00   0.000000000000000E+00
   0.000000000000000E+00   0.000000000000000E+00   0.000000000000000E+00
   0.000000000000000E+00   0.000000000000000E+00   0.000000000000000E+00
   0.000000000000000E+00   0.000000000000000E+00   0.000000000000000E+00
   0.000000000000000E+00   0.000000000000000E+00   0.000000000000000E+00
   0.000000000000000E+00   0.000000000000000E+00   0.000000000000000E+00
   0.000000000000000E+00   0.000000000000000E+00   0.000000000000000E+00
   0.000000000000000E+00   0.000000000000000E+00   0.000000000000000E+00
   0.000000000000000E+00   0.000000000000000E+00   0.000000000000000E+00
   0.000000000000000E+00   0.000000000000000E+00   0.000000000000000E+00
   0.000000000000000E+00   0.000000000000000E+00   0.000000000000000E+00
   0.000000000000000E+00   0.000000000000000E+00   0.000000000000000E+00
   0.000000000000000E+00   0.000000000000000E+00   0.000000000000000E+00
   0.000000000000000E+00   0.000000000000000E+00   0.000000000000000E+00
   0.000000000000000E+00   0.000000000000000E+00   0.000000000000000E+00
   0.000000000000000E+00   0.000000000000000E+00   0.000000000000000E+00
   0.000000000000000E+00   0.000000000000000E+00   0.000000000000000E+00
   0.000000000000000E+00   0.000000000000000E+00   0.000000000000000E+00
   0.000000000000000E+00   0.000000000000000E+00   0.000000000000000E+00
   0.000000000000000E+00   0.000000000000000E+00   0.000000000000000E+00
   0.000000000000000E+00   0.000000000000000E+00   0.000000000000000E+00
   0.000000000000000E+00   0.000000000000000E+00   0.000000000000000E+00
   0.000000000000000E+00   0.000000000000000E+00   0.000000000000000E+00
   0.000000000000000E+00   0.000000000000000E+00   0.000000000000000E+00
   0.000000000000000E+00   0.000000000000000E+00   0.000000000000000E+00
   0.000000000000000E+00   0.000000000000000E+00   0.000000000000000E+00
   0.000000000000000E+00   0.000000000000000E+00   0.000000000000000E+00
   0.000000000000000E+00   0.000000000000000E+00   0.000000000000000E+00
   0.000000000000000E+00   0.000000000000000E+00   0.000000000000000E+00
   0.000000000000000E+00   0.000000000000000E+00   0.000000000000000E+00
   0.000000000000000E+00   0.000000000000000E+00   0.000000000000000E+00
   0.000000000000000E+00   0.000000000000000E+00   0.000000000000000E+00
   0.000000000000000E+00   0.000000000000000E+00   0.000000000000000E+00
   0.000000000000000E+00   0.000000000000000E+00   0.000000000000000E+00
   0.000000000000000E+00   0.000000000000000E+00   0.000000000000000E+00
   0.000000000000000E+00   0.000000000000000E+00   0.000000000000000E+00
   0.000000000000000E+00   0.000000000000000E+00   0.000000000000000E+00
   0.000000000000000E+00   0.000000000000000E+00   0.000000000000000E+00
   0.000000000000000E+00   0.000000000000000E+00   0.000000000000000E+00
   0.000000000000000E+00   0.000000000000000E+00   0.000000000000000E+00
   0.000000000000000E+00   0.000000000000000E+00   0.000000000000000E+00
   0.000000000000000E+00   0.000000000000000E+00   0.000000000000000E+00
   0.000000000000000E+00   0.000000000000000E+00   0.000000000000000E+00
   0.000000000000000E+00   0.000000000000000E+00   0.000000000000000E+00
   0.000000000000000E+00   0.000000000000000E+00   0.000000000000000E+00
   0.000000000000000E+00   0.000000000000000E+00   0.000000000000000E+00
   0.000000000000000E+00   0.000000000000000E+00   0.000000000000000E+00
   0.000000000000000E+00   0.000000000000000E+00   0.000000000000000E+00
   0.000000000000000E+00   0.000000000000000E+00   0.000000000000000E+00
   0.000000000000000E+00   0.000000000000000E+00   0.000000000000000E+00
   0.000000000000000E+00   0.000000000000000E+00   0.000000000000000E+00
   0.000000000000000E+00   0.000000000000000E+00   0.000000000000000E+00
   0.000000000000000E+00   0.000000000000000E+00   0.000000000000000E+00
   0.000000000000000E+00   0.000000000000000E+00   0.000000000000000E+00
   0.000000000000000E+00   0.000000000000000E+00   0.000000000000000E+00
   0.000000000000000E+00   0.000000000000000E+00   0.000000000000000E+00
   0.000000000000000E+00   0.000000000000000E+00   0.000000000000000E+00
   0.000000000000000E+00   0.000000000000000E+00   0.000000000000000E+00
   0.000000000000000E+00   0.000000000000000E+00   0.000000000000000E+00
   0.000000000000000E+00   0.000000000000000E+00   0.000000000000000E+00
   0.000000000000000E+00   0.000000000000000E+00   0.000000000000000E+00
   0.000000000000000E+00   0.000000000000000E+00   0.000000000000000E+00
   0.000000000000000E+00   0.000000000000000E+00   0.000000000000000E+00
   0.000000000000000E+00   0.000000000000000E+00   0.000000000000000E+00
   0.000000000000000E+00   0.000000000000000E+00   0.000000000000000E+00
   0.000000000000000E+00   0.000000000000000E+00   0.000000000000000E+00
   0.000000000000000E+00   0.000000000000000E+00   0.000000000000000E+00
   0.000000000000000E+00   0.000000000000000E+00   0.000000000000000E+00
 Previous atom accelerations:
   0.000000000000000E+00   0.000000000000000E+00   0.000000000000000E+00
   0.000000000000000E+00   0.000000000000000E+00   0.000000000000000E+00
   0.000000000000000E+00   0.000000000000000E+00   0.000000000000000E+00
   0.000000000000000E+00   0.000000000000000E+00   0.000000000000000E+00
   0.000000000000000E+00   0.000000000000000E+00   0.000000000000000E+00
   0.000000000000000E+00   0.000000000000000E+00   0.000000000000000E+00
   0.000000000000000E+00   0.000000000000000E+00   0.000000000000000E+00
   0.000000000000000E+00   0.000000000000000E+00   0.000000000000000E+00
   0.000000000000000E+00   0.000000000000000E+00   0.000000000000000E+00
   0.000000000000000E+00   0.000000000000000E+00   0.000000000000000E+00
   0.000000000000000E+00   0.000000000000000E+00   0.000000000000000E+00
   0.000000000000000E+00   0.000000000000000E+00   0.000000000000000E+00
   0.000000000000000E+00   0.000000000000000E+00   0.000000000000000E+00
   0.000000000000000E+00   0.000000000000000E+00   0.000000000000000E+00
   0.000000000000000E+00   0.000000000000000E+00   0.000000000000000E+00
   0.000000000000000E+00   0.000000000000000E+00   0.000000000000000E+00
   0.000000000000000E+00   0.000000000000000E+00   0.000000000000000E+00
   0.000000000000000E+00   0.000000000000000E+00   0.000000000000000E+00
   0.000000000000000E+00   0.000000000000000E+00   0.000000000000000E+00
   0.000000000000000E+00   0.000000000000000E+00   0.000000000000000E+00
   0.000000000000000E+00   0.000000000000000E+00   0.000000000000000E+00
   0.000000000000000E+00   0.000000000000000E+00   0.000000000000000E+00
   0.000000000000000E+00   0.000000000000000E+00   0.000000000000000E+00
   0.000000000000000E+00   0.000000000000000E+00   0.000000000000000E+00
   0.000000000000000E+00   0.000000000000000E+00   0.000000000000000E+00
   0.000000000000000E+00   0.000000000000000E+00   0.000000000000000E+00
   0.000000000000000E+00   0.000000000000000E+00   0.000000000000000E+00
   0.000000000000000E+00   0.000000000000000E+00   0.000000000000000E+00
   0.000000000000000E+00   0.000000000000000E+00   0.000000000000000E+00
   0.000000000000000E+00   0.000000000000000E+00   0.000000000000000E+00
   0.000000000000000E+00   0.000000000000000E+00   0.000000000000000E+00
   0.000000000000000E+00   0.000000000000000E+00   0.000000000000000E+00
   0.000000000000000E+00   0.000000000000000E+00   0.000000000000000E+00
   0.000000000000000E+00   0.000000000000000E+00   0.000000000000000E+00
   0.000000000000000E+00   0.000000000000000E+00   0.000000000000000E+00
   0.000000000000000E+00   0.000000000000000E+00   0.000000000000000E+00
   0.000000000000000E+00   0.000000000000000E+00   0.000000000000000E+00
   0.000000000000000E+00   0.000000000000000E+00   0.000000000000000E+00
   0.000000000000000E+00   0.000000000000000E+00   0.000000000000000E+00
   0.000000000000000E+00   0.000000000000000E+00   0.000000000000000E+00
   0.000000000000000E+00   0.000000000000000E+00   0.000000000000000E+00
   0.000000000000000E+00   0.000000000000000E+00   0.000000000000000E+00
   0.000000000000000E+00   0.000000000000000E+00   0.000000000000000E+00
   0.000000000000000E+00   0.000000000000000E+00   0.000000000000000E+00
   0.000000000000000E+00   0.000000000000000E+00   0.000000000000000E+00
   0.000000000000000E+00   0.000000000000000E+00   0.000000000000000E+00
   0.000000000000000E+00   0.000000000000000E+00   0.000000000000000E+00
   0.000000000000000E+00   0.000000000000000E+00   0.000000000000000E+00
   0.000000000000000E+00   0.000000000000000E+00   0.000000000000000E+00
   0.000000000000000E+00   0.000000000000000E+00   0.000000000000000E+00
   0.000000000000000E+00   0.000000000000000E+00   0.000000000000000E+00
   0.000000000000000E+00   0.000000000000000E+00   0.000000000000000E+00
   0.000000000000000E+00   0.000000000000000E+00   0.000000000000000E+00
   0.000000000000000E+00   0.000000000000000E+00   0.000000000000000E+00
   0.000000000000000E+00   0.000000000000000E+00   0.000000000000000E+00
   0.000000000000000E+00   0.000000000000000E+00   0.000000000000000E+00
   0.000000000000000E+00   0.000000000000000E+00   0.000000000000000E+00
   0.000000000000000E+00   0.000000000000000E+00   0.000000000000000E+00
   0.000000000000000E+00   0.000000000000000E+00   0.000000000000000E+00
   0.000000000000000E+00   0.000000000000000E+00   0.000000000000000E+00
   0.000000000000000E+00   0.000000000000000E+00   0.000000000000000E+00
   0.000000000000000E+00   0.000000000000000E+00   0.000000000000000E+00
   0.000000000000000E+00   0.000000000000000E+00   0.000000000000000E+00
   0.000000000000000E+00   0.000000000000000E+00   0.000000000000000E+00
   0.000000000000000E+00   0.000000000000000E+00   0.000000000000000E+00
   0.000000000000000E+00   0.000000000000000E+00   0.000000000000000E+00
   0.000000000000000E+00   0.000000000000000E+00   0.000000000000000E+00
   0.000000000000000E+00   0.000000000000000E+00   0.000000000000000E+00
   0.000000000000000E+00   0.000000000000000E+00   0.000000000000000E+00
   0.000000000000000E+00   0.000000000000000E+00   0.000000000000000E+00
   0.000000000000000E+00   0.000000000000000E+00   0.000000000000000E+00
   0.000000000000000E+00   0.000000000000000E+00   0.000000000000000E+00
   0.000000000000000E+00   0.000000000000000E+00   0.000000000000000E+00
   0.000000000000000E+00   0.000000000000000E+00   0.000000000000000E+00
   0.000000000000000E+00   0.000000000000000E+00   0.000000000000000E+00
   0.000000000000000E+00   0.000000000000000E+00   0.000000000000000E+00
   0.000000000000000E+00   0.000000000000000E+00   0.000000000000000E+00
 MD-temperature (K):
   0.250000000000000E+00
 Connections, bond orders and lone pairs:
