  77
   Alanine                                   0    -6286.80  10.00  10.00  10.00  90.00  90.00  90.00
N    6.82686   4.73284   4.66942     1
C    5.39944   4.80447   5.13825     1
C    4.50669   3.62062   4.67252     1
O    3.31251   3.48456   5.36833     1
H    6.91199   4.08652   3.88182     1
H    7.45388   4.34494   5.37275     1
C    5.24868   4.79150   6.72098     1
H    4.99320   5.75023   4.71430     1
O    4.77210   2.94125   3.72646     1
H    2.87753   2.75301   4.85583     1
H    5.76359   5.65934   7.19381     1
H    5.68066   3.86917   7.16919     1
H    4.17258   4.82701   7.01917     1
O    4.07764  -0.64967   1.32023     2
H    4.16607  -0.54023   0.33018     2
H    4.05566   0.34425   1.42813     2
O    3.13600   8.43536   4.62097     3
H    2.75632   9.35690   4.53963     3
H    3.63127   8.71210   5.44445     3
O    6.82063   8.59892   1.61121     4
H    6.74125   9.02957   0.71219     4
H    7.53370   9.25366   1.86189     4
O    0.85671   8.92368   8.12160     5
H    0.95267   8.08233   7.58969     5
H    0.27444   9.30964   7.40607     5
O    6.91412   1.15037   4.65850     6
H    7.09021   0.89547   3.70770     6
H    5.94566   0.93250   4.53755     6
O    4.14097   6.21525   0.97053     7
H    4.80847   6.45046   0.26404     7
H    4.71656   5.45035   1.25969     7
O    1.24296   2.46454   0.72025     8
H    1.74716   2.04722  -0.03580     8
H    1.76648   3.30852   0.60352     8
O    9.37036   4.48025   3.36690     9
H    9.64940   5.36842   3.00181     9
H    9.99142   4.60331   4.14095     9
O    8.09697   1.87810   8.72621    10
H    7.59886   1.45824   7.96753    10
H    8.82026   2.15951   8.09561    10
O    0.74773   2.01008   4.55928    11
H    0.17305   2.21628   3.76731    11
H   -0.05729   2.04171   5.15168    11
O    6.72758   9.29351   7.24460    12
H    7.08940   9.19701   6.31736    12
H    5.84351   8.94237   6.93617    12
O    1.12037   3.70078   6.67864    13
H    0.48439   4.43451   6.43952    13
H    1.78306   4.37880   6.99662    13
O    8.63535   6.70256   9.90197    14
H    8.14931   7.39994   9.37526    14
H    8.45172   7.21030  10.74369    14
O    1.58391   8.41310   2.11047    15
H    1.86219   8.30925   1.15560    15
H    0.71538   8.81041   1.81415    15
O    8.75225   3.65157   9.94966    16
H    9.42168   4.32933   9.64553    16
H    8.56486   4.20179  10.76338    16
O    9.90447   7.89259   4.95128    17
H   10.26488   7.50017   4.10505    17
H    8.99763   7.53268   4.73195    17
O    4.53769   1.39304   8.62248    18
H    4.45454   1.34240   7.62723    18
H    5.27274   2.06428   8.52692    18
O    3.51326   6.93283   8.32524    19
H    4.14317   7.29984   7.64076    19
H    3.13423   7.84733   8.46677    19
O    6.64262   2.97277   0.75861    20
H    5.87460   3.54739   0.47582    20
H    6.02298   2.19444   0.85992    20
O    2.65132   6.16483   4.66601    21
H    2.15675   5.30751   4.52319    21
H    2.55877   6.38017   3.69386    21
Cl   8.49135   5.23523   7.74902    22
H    7.92143   4.41762   7.66711    22
Cl  10.05391   0.47940  10.45102    23
H    9.93783   0.62728   9.46885    23
  77
   Alanine                                  49    -6651.84  10.00  10.00  10.00  90.00  90.00  90.00
N    6.44378   4.79028   4.41639     1
C    5.07977   4.69246   5.04442     1
C    4.35861   3.36699   4.67822     1
O    3.42844   2.91132   5.61823     1
H    6.59619   4.03388   3.74698     1
H    7.20407   4.73286   5.10621     1
C    5.14425   4.75123   6.63321     1
H    4.52703   5.60488   4.63172     1
O    4.46443   2.85350   3.60281     1
H    2.86854   2.31388   5.02794     1
H    5.73468   5.67366   6.97282     1
H    5.65000   3.84702   7.04901     1
H    4.14145   4.81734   7.10583     1
O    3.94707  -0.32010   0.94904     2
H    4.05909   0.17879   0.13048     2
H    3.62162   0.33537   1.55713     2
O    3.43672   9.35855   5.07994     3
H    2.95860   9.30057   4.25729     3
H    3.03007   8.65706   5.57557     3
O    6.98123   8.54723   1.79400     4
H    6.15217   8.88628   1.44683     4
H    7.66921   9.19703   1.49199     4
O    1.22883   8.48522   7.73874     5
H    0.78475   7.80698   7.23774     5
H    0.95752   9.25937   7.25882     5
O    6.94580   0.87455   4.62781     6
H    7.38494   0.65916   3.81235     6
H    6.07280   1.11545   4.33122     6
O    4.26849   5.90360   1.06694     7
H    4.12046   6.26573   0.18837     7
H    5.07203   5.40012   0.97861     7
O    2.28713   3.04791   0.53582     8
H    1.80470   2.23035   0.54416     8
H    1.57021   3.67723   0.56512     8
O    9.95848   4.35843   3.50944     9
H    9.66318   4.85966   2.75578     9
H   10.03236   5.01261   4.19478     9
O    7.46146   1.90711   7.92320    10
H    7.43509   1.01468   7.53075    10
H    8.39272   2.09076   8.01499    10
O    0.94246   1.90538   4.49618    11
H    0.55299   2.53032   3.86231    11
H    0.76215   2.31522   5.36336    11
O    6.93949   9.27574   6.99406    12
H    6.92599   9.66892   6.10441    12
H    6.05668   8.92678   7.10900    12
O    0.76156   3.50598   6.78080    13
H    0.60219   4.38802   7.09139    13
H    1.71353   3.47486   6.71447    13
O    8.55038   6.76095  10.36669    14
H    8.49127   7.11310   9.47659    14
H    7.87038   7.25510  10.87727    14
O    1.81143   8.06286   2.54992    15
H    2.53816   8.35076   1.98869    15
H    1.05798   8.32518   2.03120    15
O    9.38500   4.02508  10.41329    16
H    9.18739   4.97251  10.35042    16
H    8.52297   3.59821  10.33745    16
O    9.85887   7.92887   4.84232    17
H   10.30306   8.06568   4.00679    17
H    9.01585   7.57753   4.58383    17
O    4.78017   1.19467   8.54076    18
H    4.26316   1.66410   7.88977    18
H    5.69899   1.44016   8.33608    18
O    3.74124   7.02417   8.32981    19
H    4.20557   7.32407   7.55609    19
H    3.01021   7.64928   8.37491    19
O    6.43792   3.43887   0.67904    20
H    5.54013   3.67766   0.48662    20
H    6.32907   2.53419   0.95198    20
O    2.72863   6.10332   4.49476    21
H    2.54936   5.20873   4.19958    21
H    2.34302   6.65128   3.79493    21
Cl   7.99967   5.61755   7.04075    22
H    8.10084   4.54621   7.76744    22
Cl   9.34875   0.50177  11.03868    23
H    9.54004   0.65755   9.78372    23
